winner,loser,degree
4035,7128,3
4035,7128,3
4035,7128,1
4035,7128,3
4035,7128,2
4035,7128,1
4035,7128,2
4035,7128,2
4035,7128,2
4035,7128,3
4035,7128,3
4035,7128,3
4035,7128,1
4035,7128,1
4035,7128,2
4035,7128,3
4035,7128,3
4035,7128,1
4035,7128,2
4035,7128,2
4035,7128,2
4035,7128,3
5087,6096,3
5087,6096,3
5087,6096,3
5087,6096,3
5087,6096,2
5087,6096,2
5087,6096,3
5087,6096,2
5087,6096,2
5087,6096,2
5087,6096,3
5087,6096,3
5087,6096,3
5087,6096,2
5087,6096,2
5087,6096,3
5087,6096,3
5087,6096,1
5087,6096,2
5087,6096,2
5087,6096,3
5087,6096,2
5087,7045,2
5087,7045,2
5087,7045,3
5087,7045,3
5087,7045,2
5087,7045,2
5087,7045,2
5087,7045,3
5087,7045,3
5087,7045,2
5087,7045,3
5087,7045,3
5087,7045,3
5087,7045,2
5087,7045,2
5087,7045,3
5087,7045,3
5087,7045,2
5087,7045,2
5087,7045,2
5087,7045,1
5087,7045,2
4026,7045,1
4026,7045,2
4026,7045,3
7045,4026,1
7045,4026,0
4026,7045,2
4026,7045,2
4026,7045,2
7045,4026,0
7045,4026,0
7045,4026,2
4026,7045,1
4026,7045,3
4026,7045,2
7045,4026,0
4026,7045,3
7045,4026,1
4026,7045,2
4026,7045,2
4026,7045,1
7064,4008,1
4008,7064,2
4008,7064,2
4008,7064,1
7064,4008,0
4008,7064,2
7064,4008,0
7064,4008,0
7064,4008,0
7064,4008,3
4008,7064,2
7064,4008,0
4008,7064,2
7064,4008,1
7064,4008,1
4008,7064,2
7064,4008,1
4008,7064,1
7064,4008,1
7064,4008,2
5064,4035,0
5064,4035,2
4035,5064,2
4035,5064,1
5064,4035,2
4035,5064,3
4035,5064,1
4035,5064,1
4035,5064,3
4035,5064,3
4035,5064,2
5064,4035,1
4035,5064,3
4035,5064,2
4035,5064,1
4035,5064,3
4035,5064,1
4035,5064,1
5064,4035,1
4035,5064,2
7163,6053,1
7163,6053,2
7163,6053,2
7163,6053,1
7163,6053,1
7163,6053,2
6053,7163,2
7163,6053,1
6053,7163,1
7163,6053,3
6053,7163,0
7163,6053,2
7163,6053,3
7163,6053,2
7163,6053,1
6053,7163,3
6053,7163,1
6053,7163,0
7163,6053,1
7163,6053,1
4035,6046,2
4035,6046,3
4035,6046,3
4035,6046,2
4035,6046,1
4035,6046,3
4035,6046,2
4035,6046,2
4035,6046,1
4035,6046,1
4035,6046,3
4035,6046,1
4035,6046,3
4035,6046,2
4035,6046,2
4035,6046,3
4035,6046,2
4035,6046,3
4035,6046,2
4035,6046,3
7136,7114,2
7136,7114,1
7114,7136,2
7136,7114,1
7136,7114,1
7114,7136,2
7136,7114,3
7136,7114,2
7136,7114,1
7136,7114,2
7114,7136,2
7114,7136,1
7114,7136,2
7136,7114,1
7136,7114,1
7136,7114,2
7136,7114,1
7136,7114,0
7136,7114,1
7136,7114,1
7128,6025,1
7128,6025,2
7128,6025,2
7128,6025,1
7128,6025,1
7128,6025,2
7128,6025,1
7128,6025,0
7128,6025,2
7128,6025,2
6025,7128,1
7128,6025,2
7128,6025,0
7128,6025,0
7128,6025,1
7128,6025,1
7128,6025,0
7128,6025,1
7128,6025,1
6068,6086,1
6086,6068,2
6086,6068,2
6068,6086,1
6068,6086,0
6086,6068,3
6086,6068,1
6086,6068,1
6086,6068,2
6086,6068,2
6086,6068,2
6086,6068,1
6086,6068,1
6086,6068,1
6068,6086,0
6068,6086,3
6068,6086,1
6068,6086,0
6068,6086,1
6068,6086,1
4035,7060,2
4035,7060,2
7060,4035,1
4035,7060,1
4035,7060,3
4035,7060,2
4035,7060,3
4035,7060,2
4035,7060,3
4035,7060,3
4035,7060,3
4035,7060,1
4035,7060,2
4035,7060,3
4035,7060,3
4035,7060,3
4035,7060,2
4035,7060,3
4035,7060,1
4035,7060,3
5064,7116,2
7116,5064,3
7116,5064,2
7116,5064,1
7116,5064,2
7116,5064,1
7116,5064,2
7116,5064,3
7116,5064,2
7116,5064,3
5064,7116,2
7116,5064,1
7116,5064,2
7116,5064,2
7116,5064,1
7116,5064,3
7116,5064,2
7116,5064,1
7116,5064,1
5064,7116,1
4026,6046,2
6046,4026,0
4026,6046,1
6046,4026,0
4026,6046,2
6046,4026,0
4026,6046,2
4026,6046,2
4026,6046,1
4026,6046,1
4026,6046,2
6046,4026,0
4026,6046,2
4026,6046,3
6046,4026,0
4026,6046,2
4026,6046,1
4026,6046,1
6046,4026,0
4026,6046,1
5064,6096,2
5064,6096,2
5064,6096,2
5064,6096,2
6096,5064,1
6096,5064,1
6096,5064,2
5064,6096,2
6096,5064,0
5064,6096,3
5064,6096,2
5064,6096,1
5064,6096,1
5064,6096,2
5064,6096,1
5064,6096,3
5064,6096,2
5064,6096,2
5064,6096,2
5064,6096,1
7064,7116,1
7116,7064,2
7116,7064,3
7064,7116,0
7116,7064,2
7064,7116,1
7116,7064,2
7116,7064,2
7116,7064,1
7064,7116,0
7116,7064,2
7116,7064,1
7116,7064,2
7116,7064,2
7116,7064,1
7116,7064,3
7116,7064,2
7116,7064,1
7116,7064,1
7116,7064,1
5087,7153,2
5087,7153,3
5087,7153,3
5087,7153,1
5087,7153,3
5087,7153,3
5087,7153,3
5087,7153,3
5087,7153,3
5087,7153,3
5087,7153,2
7153,5087,1
5087,7153,3
5087,7153,3
5087,7153,2
5087,7153,3
5087,7153,2
5087,7153,2
5087,7153,2
5087,7153,3
7045,4035,0
4035,7045,1
4035,7045,2
4035,7045,1
4035,7045,3
4035,7045,2
4035,7045,3
4035,7045,2
4035,7045,3
4035,7045,2
4035,7045,3
4035,7045,1
4035,7045,2
4035,7045,3
4035,7045,2
4035,7045,3
4035,7045,2
4035,7045,3
7045,4035,0
4035,7045,3
7128,6095,3
6095,7128,2
6095,7128,2
6095,7128,2
7128,6095,2
6095,7128,1
7128,6095,2
6095,7128,1
6095,7128,0
6095,7128,3
6095,7128,2
6095,7128,1
6095,7128,1
7128,6095,1
6095,7128,1
6095,7128,3
6095,7128,1
6095,7128,0
6095,7128,0
6095,7128,1
4008,6046,1
4008,6046,1
4008,6046,2
4008,6046,1
6046,4008,0
4008,6046,2
4008,6046,2
4008,6046,2
4008,6046,3
4008,6046,3
4008,6046,3
4008,6046,1
4008,6046,2
4008,6046,2
4008,6046,2
4008,6046,3
4008,6046,1
4008,6046,2
4008,6046,1
4008,6046,2
5087,7109,2
5087,7109,2
5087,7109,2
5087,7109,3
5087,7109,3
5087,7109,3
5087,7109,3
5087,7109,2
5087,7109,3
5087,7109,3
5087,7109,3
5087,7109,0
5087,7109,2
5087,7109,3
5087,7109,2
5087,7109,3
5087,7109,2
5087,7109,1
5087,7109,2
5087,7109,3
6068,7109,1
7109,6068,3
6068,7109,1
6068,7109,2
6068,7109,1
6068,7109,1
6068,7109,2
7109,6068,1
6068,7109,2
6068,7109,2
6068,7109,0
6068,7109,1
6068,7109,2
6068,7109,1
6068,7109,1
6068,7109,3
7109,6068,1
6068,7109,0
6068,7109,0
6068,7109,2
6053,7128,1
7128,6053,0
7128,6053,2
7128,6053,2
7128,6053,1
7128,6053,2
7128,6053,2
6053,7128,1
6053,7128,1
6053,7128,2
6053,7128,2
7128,6053,0
7128,6053,1
7128,6053,2
7128,6053,1
6053,7128,2
7128,6053,2
7128,6053,0
7128,6053,1
7128,6053,0
7064,6094,2
7064,6094,2
6094,7064,2
7064,6094,2
7064,6094,2
7064,6094,1
7064,6094,1
7064,6094,1
7064,6094,2
7064,6094,3
7064,6094,2
7064,6094,1
7064,6094,1
7064,6094,2
7064,6094,2
7064,6094,3
7064,6094,2
7064,6094,2
7064,6094,3
7064,6094,1
6046,6029,0
6046,6029,0
6029,6046,2
6046,6029,0
6046,6029,1
6046,6029,0
6046,6029,0
6029,6046,1
6046,6029,0
6029,6046,2
6046,6029,0
6046,6029,0
6046,6029,0
6029,6046,1
6046,6029,0
6046,6029,2
6029,6046,1
6046,6029,0
6029,6046,1
6046,6029,0
7116,6086,1
7116,6086,2
7116,6086,3
7116,6086,3
6086,7116,2
6086,7116,3
6086,7116,2
7116,6086,3
7116,6086,3
7116,6086,2
7116,6086,3
7116,6086,1
7116,6086,1
7116,6086,2
7116,6086,2
6086,7116,1
7116,6086,2
7116,6086,2
7116,6086,2
7116,6086,3
8083,5118,2
8083,5118,1
5118,8083,2
8083,5118,2
8083,5118,1
5118,8083,2
5118,8083,2
8083,5118,2
8083,5118,1
8083,5118,3
8083,5118,3
8083,5118,1
5118,8083,1
8083,5118,1
8083,5118,2
8083,5118,3
8083,5118,1
8083,5118,1
8083,5118,2
8083,5118,1
7109,7060,1
7109,7060,0
7109,7060,1
7109,7060,3
7109,7060,2
7060,7109,1
7109,7060,1
7060,7109,1
7109,7060,1
7109,7060,1
7109,7060,0
7060,7109,2
7060,7109,1
7109,7060,0
7109,7060,1
7109,7060,0
7109,7060,1
7109,7060,0
7060,7109,1
5064,6025,1
5064,6025,1
5064,6025,2
5064,6025,3
5064,6025,3
6025,5064,1
5064,6025,1
6025,5064,1
6025,5064,1
5064,6025,1
5064,6025,1
5064,6025,3
5064,6025,2
5064,6025,3
5064,6025,1
5064,6025,1
5064,6025,2
5087,5064,0
5064,5087,3
5064,5087,2
5087,5064,3
5064,5087,2
5087,5064,3
5087,5064,3
5087,5064,3
5087,5064,3
5064,5087,1
5087,5064,2
5087,5064,2
5087,5064,1
5087,5064,3
5087,5064,1
5064,5087,1
5064,5087,1
5087,5064,1
6062,6025,1
6062,6025,1
6025,6062,2
6062,6025,0
6062,6025,2
6025,6062,1
6025,6062,1
6025,6062,2
6025,6062,1
6062,6025,1
6025,6062,1
6025,6062,1
6062,6025,0
6062,6025,3
6062,6025,0
6062,6025,1
6062,6025,1
6062,7136,1
6062,7136,0
6062,7136,2
6062,7136,2
6062,7136,2
6062,7136,0
7136,6062,2
6062,7136,1
7136,6062,1
6062,7136,0
6062,7136,0
7136,6062,2
7136,6062,1
6062,7136,0
6062,7136,0
6062,7136,0
7136,6062,1
6062,7136,0
6062,7136,0
7153,7109,1
7109,7153,0
7109,7153,1
7153,7109,2
7153,7109,1
7153,7109,1
7109,7153,2
7153,7109,1
7153,7109,1
7109,7153,0
7109,7153,0
7153,7109,1
7153,7109,1
7109,7153,0
7109,7153,1
7109,7153,0
7153,7109,1
7109,7153,0
7109,7153,0
6053,6094,1
6053,6094,1
6094,6053,1
6053,6094,2
6053,6094,2
6053,6094,1
6053,6094,2
6053,6094,1
6053,6094,1
6094,6053,0
6053,6094,1
6094,6053,3
6053,6094,1
6053,6094,1
6053,6094,2
6053,6094,1
6053,6094,1
6053,6094,1
6053,6094,1
6096,7138,1
6096,7138,1
6096,7138,2
6096,7138,3
7138,6096,1
7138,6096,2
7138,6096,1
7138,6096,1
7138,6096,2
7138,6096,0
7138,6096,0
6096,7138,1
6096,7138,1
6096,7138,1
7138,6096,0
7138,6096,0
7138,6096,1
6096,7138,1
7138,6096,0
6096,6046,1
6046,6096,0
6046,6096,2
6096,6046,2
6046,6096,1
6096,6046,2
6046,6096,0
6096,6046,2
6096,6046,2
6046,6096,1
6096,6046,1
6096,6046,1
6096,6046,1
6096,6046,1
6046,6096,0
6096,6046,1
6046,6096,1
6096,6046,1
6096,6046,1
8083,6092,1
8083,6092,1
8083,6092,3
8083,6092,2
8083,6092,1
6092,8083,1
8083,6092,1
8083,6092,2
8083,6092,1
8083,6092,3
8083,6092,2
8083,6092,2
8083,6092,1
8083,6092,1
8083,6092,3
8083,6092,0
8083,6092,1
7045,6092,1
6092,7045,1
7045,6092,2
6092,7045,2
7045,6092,0
6092,7045,1
7045,6092,0
6092,7045,1
7045,6092,1
7045,6092,0
6092,7045,1
7045,6092,1
6092,7045,1
7045,6092,0
6092,7045,1
6092,7045,1
7045,6092,0
6092,7045,1
5064,7045,1
5064,7045,1
5064,7045,2
5064,7045,3
5064,7045,3
5064,7045,3
5064,7045,2
5064,7045,1
5064,7045,1
7045,5064,0
5064,7045,1
5064,7045,2
5064,7045,2
5064,7045,2
5064,7045,1
5064,7045,2
5064,7045,3
5064,7045,1
5064,7045,2
7064,7163,1
7064,7163,1
7064,7163,1
7064,7163,3
7064,7163,1
7163,7064,2
7163,7064,1
7163,7064,1
7163,7064,1
7163,7064,1
7064,7163,1
7163,7064,2
7163,7064,2
7064,7163,1
7163,7064,1
7064,7163,2
7064,7163,3
7064,7163,1
7163,7064,1
7116,6095,2
6095,7116,0
7116,6095,3
7116,6095,3
6095,7116,0
7116,6095,3
7116,6095,3
6095,7116,2
7116,6095,3
7116,6095,2
6095,7116,0
7116,6095,2
7116,6095,3
7116,6095,2
7116,6095,2
7116,6095,2
7116,6095,3
7116,6095,1
7116,6095,2
5118,7128,1
5118,7128,1
5118,7128,2
5118,7128,2
5118,7128,1
5118,7128,1
5118,7128,1
7128,5118,2
7128,5118,2
7128,5118,2
7128,5118,0
5118,7128,2
7128,5118,2
7128,5118,0
5118,7128,1
7128,5118,1
7128,5118,2
7128,5118,0
7128,5118,1
5087,5118,2
5087,5118,1
5087,5118,2
5087,5118,3
5087,5118,3
5087,5118,3
5087,5118,2
5087,5118,3
5087,5118,3
5087,5118,3
5118,5087,1
5087,5118,3
5087,5118,2
5087,5118,3
5087,5118,2
5087,5118,2
5087,5118,3
5087,5118,0
5087,5118,3
7163,6062,1
7163,6062,1
6062,7163,0
6062,7163,2
6062,7163,2
7163,6062,1
7163,6062,2
7163,6062,1
7163,6062,1
7163,6062,2
7163,6062,2
7163,6062,2
7163,6062,3
7163,6062,1
7163,6062,1
7163,6062,1
6062,7163,0
7163,6062,1
4035,6096,1
6096,4035,0
6096,4035,0
4035,6096,3
4035,6096,2
4035,6096,1
4035,6096,3
4035,6096,3
4035,6096,3
4035,6096,3
4035,6096,2
4035,6096,2
4035,6096,3
4035,6096,1
4035,6096,3
4035,6096,2
4035,6096,1
4035,6096,3
4035,6096,3
8083,6096,2
8083,6096,2
8083,6096,3
8083,6096,2
8083,6096,1
8083,6096,1
8083,6096,3
6096,8083,2
6096,8083,2
8083,6096,2
8083,6096,1
8083,6096,2
8083,6096,2
8083,6096,1
8083,6096,1
8083,6096,2
8083,6096,1
8083,6096,3
8083,6096,1
7163,5118,1
5118,7163,0
5118,7163,2
7163,5118,2
5118,7163,2
7163,5118,2
7163,5118,3
5118,7163,2
5118,7163,1
5118,7163,1
7163,5118,1
7163,5118,1
7163,5118,3
7163,5118,1
7163,5118,1
7163,5118,1
7163,5118,1
7163,5118,3
7163,5118,1
6068,4008,1
6068,4008,0
4008,6068,3
4008,6068,2
6068,4008,1
6068,4008,1
6068,4008,0
6068,4008,1
4008,6068,3
6068,4008,0
4008,6068,1
4008,6068,1
4008,6068,1
4008,6068,1
4008,6068,2
4008,6068,1
6068,4008,0
4008,6068,3
4008,6068,1
6092,7114,1
6092,7114,1
6092,7114,2
7114,6092,2
7114,6092,1
6092,7114,1
6092,7114,2
7114,6092,1
7114,6092,1
6092,7114,0
6092,7114,1
7114,6092,1
6092,7114,1
6092,7114,0
6092,7114,1
7114,6092,1
6092,7114,1
6092,7114,1
6092,7114,1
6053,6062,1
6062,6053,0
6053,6062,3
6062,6053,2
6062,6053,2
6062,6053,0
6062,6053,2
6053,6062,1
6053,6062,1
6062,6053,0
6062,6053,0
6053,6062,1
6053,6062,1
6062,6053,0
6062,6053,0
6053,6062,1
6062,6053,1
6062,6053,2
6053,6062,1
6088,7136,1
7136,6088,0
6088,7136,2
6088,7136,2
6088,7136,3
6088,7136,2
6088,7136,1
6088,7136,3
6088,7136,3
7136,6088,3
6088,7136,1
6088,7136,2
6088,7136,2
6088,7136,2
6088,7136,2
6088,7136,2
6088,7136,1
6088,7136,2
6088,7136,2
4008,6094,2
4008,6094,3
4008,6094,2
6094,4008,2
6094,4008,2
4008,6094,2
4008,6094,3
4008,6094,1
4008,6094,1
4008,6094,2
4008,6094,1
6094,4008,1
4008,6094,3
4008,6094,1
4008,6094,1
4008,6094,2
4008,6094,1
4008,6094,3
4008,6094,2
7109,7138,1
7109,7138,2
7109,7138,1
7109,7138,2
7138,7109,2
7138,7109,0
7138,7109,1
7138,7109,1
7138,7109,1
7109,7138,1
7138,7109,0
7109,7138,1
7109,7138,1
7138,7109,0
7138,7109,0
7109,7138,1
7109,7138,1
7138,7109,1
7109,7138,1
5118,7060,1
7060,5118,2
5118,7060,0
5118,7060,1
5118,7060,1
5118,7060,1
5118,7060,2
5118,7060,1
5118,7060,1
5118,7060,1
5118,7060,1
5118,7060,1
5118,7060,1
5118,7060,0
5118,7060,0
5118,7060,1
5118,7060,1
5118,7060,3
5118,7060,0
5118,6046,1
5118,6046,3
5118,6046,1
6046,5118,2
6046,5118,1
5118,6046,2
5118,6046,3
5118,6046,1
5118,6046,1
5118,6046,1
5118,6046,2
5118,6046,1
5118,6046,1
6046,5118,0
5118,6046,2
6046,5118,0
5118,6046,3
5118,6046,1
5087,4035,1
5087,4035,3
5087,4035,2
5087,4035,1
4035,5087,3
4035,5087,1
5087,4035,3
4035,5087,3
4035,5087,3
5087,4035,3
4035,5087,2
5087,4035,2
4035,5087,2
4035,5087,3
4035,5087,1
5087,4035,2
5087,4035,1
5087,4035,3
4035,5087,1
4035,8083,2
8083,4035,3
8083,4035,2
4035,8083,2
8083,4035,2
4035,8083,1
4035,8083,3
4035,8083,3
4035,8083,3
4035,8083,3
4035,8083,1
4035,8083,3
4035,8083,2
4035,8083,2
4035,8083,2
8083,4035,1
4035,8083,3
4035,8083,3
5118,4026,1
4026,5118,3
5118,4026,2
4026,5118,1
5118,4026,1
4026,5118,2
4026,5118,3
4026,5118,2
4026,5118,2
4026,5118,1
5118,4026,1
5118,4026,1
4026,5118,2
4026,5118,1
4026,5118,1
4026,5118,2
4026,5118,0
4026,5118,3
4026,5118,1
7064,6096,2
7064,6096,3
7064,6096,2
7064,6096,0
6096,7064,3
6096,7064,1
7064,6096,1
6096,7064,1
6096,7064,2
7064,6096,1
7064,6096,1
7064,6096,2
7064,6096,2
7064,6096,2
7064,6096,2
7064,6096,1
7064,6096,2
7064,6096,2
7064,6096,2
6068,7138,2
6068,7138,1
6068,7138,2
7138,6068,1
6068,7138,3
6068,7138,2
7138,6068,2
7138,6068,1
6068,7138,1
6068,7138,2
6068,7138,3
6068,7138,2
6068,7138,1
6068,7138,3
6068,7138,1
6068,7138,2
6068,7138,1
6068,7138,2
6068,7138,3
6068,7138,1
4026,6094,2
4026,6094,0
6094,4026,1
4026,6094,1
4026,6094,2
4026,6094,3
4026,6094,2
4026,6094,2
4026,6094,1
4026,6094,3
4026,6094,3
6094,4026,1
4026,6094,2
4026,6094,3
4026,6094,1
4026,6094,2
6094,4026,2
6094,4026,1
4026,6094,3
4026,6094,1
7136,6094,2
7136,6094,1
7136,6094,1
7136,6094,2
7136,6094,1
7136,6094,3
7136,6094,1
7136,6094,1
7136,6094,2
7136,6094,2
7136,6094,3
7136,6094,1
7136,6094,1
7136,6094,2
7136,6094,1
7136,6094,1
7136,6094,1
7136,6094,1
7136,6094,3
7136,6094,1
6046,6094,1
6094,6046,3
6046,6094,0
6046,6094,1
6046,6094,1
6094,6046,2
6094,6046,1
6046,6094,1
6046,6094,1
6046,6094,3
6094,6046,2
6094,6046,2
6046,6094,1
6046,6094,1
6046,6094,0
6094,6046,1
6094,6046,2
6046,6094,1
6046,6094,2
6046,6094,0
7128,6062,3
6062,7128,0
6062,7128,1
6062,7128,3
6062,7128,1
7128,6062,1
7128,6062,1
7128,6062,2
6062,7128,1
6062,7128,2
7128,6062,2
7128,6062,1
6062,7128,0
7128,6062,2
6062,7128,1
6062,7128,0
7128,6062,2
7128,6062,1
6062,7128,2
7128,6062,1
4008,7060,2
4008,7060,1
4008,7060,2
4008,7060,3
4008,7060,2
4008,7060,3
4008,7060,1
4008,7060,1
4008,7060,2
4008,7060,3
4008,7060,3
4008,7060,1
4008,7060,1
4008,7060,2
4008,7060,2
4008,7060,1
7060,4008,1
4008,7060,1
4008,7060,3
4008,7060,1
5118,7114,2
5118,7114,1
5118,7114,1
5118,7114,2
7114,5118,0
5118,7114,2
5118,7114,1
7114,5118,1
5118,7114,1
5118,7114,2
7114,5118,3
5118,7114,1
5118,7114,1
7114,5118,1
5118,7114,1
7114,5118,0
5118,7114,2
7114,5118,0
5118,7114,3
5118,7114,1
5087,7064,1
7064,5087,1
5087,7064,3
5087,7064,3
5087,7064,3
5087,7064,3
5087,7064,3
5087,7064,3
5087,7064,3
5087,7064,3
5087,7064,0
5087,7064,2
5087,7064,0
5087,7064,1
5087,7064,2
5087,7064,1
5087,7064,1
5087,7064,1
5087,7064,3
5087,7064,1
7138,6062,0
6062,7138,1
6062,7138,1
6062,7138,1
7138,6062,0
6062,7138,2
6062,7138,2
7138,6062,2
7138,6062,2
6062,7138,1
6062,7138,2
6062,7138,2
6062,7138,1
6062,7138,1
6062,7138,1
7138,6062,1
6062,7138,1
6062,7138,3
7138,6062,1
7128,6068,2
7128,6068,1
6068,7128,3
6068,7128,1
6068,7128,2
7128,6068,1
7128,6068,2
7128,6068,1
6068,7128,2
6068,7128,1
6068,7128,0
7128,6068,2
6068,7128,1
6068,7128,1
7128,6068,2
6068,7128,3
6068,7128,1
6029,4026,1
6029,4026,1
4026,6029,2
6029,4026,0
6029,4026,0
4026,6029,3
4026,6029,2
4026,6029,2
4026,6029,3
6029,4026,0
4026,6029,1
4026,6029,1
4026,6029,3
4026,6029,2
4026,6029,1
4026,6029,1
6029,4026,1
4026,6029,2
4026,6029,1
6086,7114,1
6086,7114,2
6086,7114,2
6086,7114,1
6086,7114,3
6086,7114,3
6086,7114,3
6086,7114,2
6086,7114,2
6086,7114,2
6086,7114,2
6086,7114,2
6086,7114,3
6086,7114,1
6086,7114,0
6086,7114,2
6086,7114,1
6086,7114,3
6086,7114,1
6068,6029,2
6068,6029,1
6068,6029,1
6068,6029,0
6068,6029,1
6068,6029,2
6068,6029,2
6068,6029,1
6068,6029,1
6068,6029,3
6068,6029,0
6068,6029,1
6068,6029,2
6068,6029,1
6068,6029,1
6068,6029,1
6068,6029,2
6068,6029,3
6068,6029,2
7138,6092,2
6092,7138,1
6092,7138,1
6092,7138,1
7138,6092,2
7138,6092,2
7138,6092,2
7138,6092,1
7138,6092,1
6092,7138,1
6092,7138,2
6092,7138,2
6092,7138,1
7138,6092,1
6092,7138,2
7138,6092,1
6092,7138,1
6092,7138,1
6092,7138,1
7136,6068,2
6068,7136,1
7136,6068,1
6068,7136,1
7136,6068,1
6068,7136,3
6068,7136,2
6068,7136,1
6068,7136,1
6068,7136,2
7136,6068,1
7136,6068,1
7136,6068,1
6068,7136,1
6068,7136,0
7136,6068,2
6068,7136,1
6068,7136,3
6068,7136,1
5087,7128,2
5087,7128,1
5087,7128,1
5087,7128,2
5087,7128,3
5087,7128,0
5087,7128,3
5087,7128,3
5087,7128,3
5087,7128,3
5087,7128,3
5087,7128,1
5087,7128,3
5087,7128,2
5087,7128,2
5087,7128,2
5087,7128,1
5087,7128,3
5087,7128,3
7128,7163,2
7163,7128,2
7163,7128,1
7163,7128,1
7128,7163,1
7128,7163,3
7163,7128,2
7128,7163,1
7128,7163,1
7163,7128,2
7163,7128,1
7128,7163,2
7163,7128,2
7163,7128,1
7163,7128,1
7128,7163,1
7163,7128,2
7163,7128,2
7163,7128,1
4026,7116,2
7116,4026,2
7116,4026,2
7116,4026,3
7116,4026,3
7116,4026,0
7116,4026,3
4026,7116,2
4026,7116,2
7116,4026,3
7116,4026,2
4026,7116,2
7116,4026,1
7116,4026,3
7116,4026,1
7116,4026,3
7116,4026,1
7116,4026,3
7116,4026,3
7116,6094,2
7116,6094,3
7116,6094,2
7116,6094,3
7116,6094,3
7116,6094,3
7116,6094,3
7116,6094,1
7116,6094,1
7116,6094,3
7116,6094,3
7116,6094,1
7116,6094,3
7116,6094,3
7116,6094,3
7116,6094,3
7116,6094,3
7116,6094,3
7116,6094,3
6096,6053,1
6053,6096,1
6053,6096,1
6053,6096,1
6096,6053,0
6053,6096,3
6053,6096,2
6096,6053,1
6096,6053,2
6096,6053,1
6096,6053,2
6053,6096,2
6053,6096,1
6053,6096,1
6096,6053,1
6053,6096,1
6053,6096,2
6096,6053,1
6086,5064,1
5064,6086,1
6086,5064,1
5064,6086,2
6086,5064,3
6086,5064,3
5064,6086,2
6086,5064,3
6086,5064,3
6086,5064,3
6086,5064,1
6086,5064,0
5064,6086,2
5064,6086,2
5064,6086,3
5064,6086,2
5064,6086,1
5064,6086,3
6053,6029,2
6053,6029,1
6053,6029,1
6029,6053,0
6029,6053,2
6053,6029,3
6053,6029,1
6053,6029,2
6053,6029,1
6053,6029,2
6053,6029,2
6053,6029,2
6053,6029,1
6053,6029,1
6053,6029,1
6053,6029,1
6029,6053,1
6053,6029,2
6053,6029,1
6088,6068,1
6088,6068,2
6068,6088,0
6088,6068,1
6088,6068,1
6068,6088,3
6088,6068,1
6088,6068,3
6088,6068,3
6068,6088,2
6088,6068,2
6088,6068,2
6088,6068,2
6088,6068,1
6068,6088,0
6088,6068,2
6088,6068,1
6088,6068,3
6088,6068,1
6086,7153,1
6086,7153,1
7153,6086,1
6086,7153,1
6086,7153,2
7153,6086,3
6086,7153,2
6086,7153,2
6086,7153,2
6086,7153,3
6086,7153,2
6086,7153,0
6086,7153,1
7153,6086,1
6086,7153,0
6086,7153,2
7153,6086,1
6086,7153,3
6086,7153,0
7045,7060,0
7060,7045,1
7060,7045,2
7045,7060,0
7060,7045,1
7045,7060,1
7045,7060,0
7060,7045,1
7045,7060,0
7045,7060,2
7045,7060,0
7045,7060,0
7045,7060,0
7045,7060,0
7045,7060,0
7060,7045,1
6094,6092,1
6094,6092,3
6094,6092,2
6094,6092,3
6094,6092,0
6092,6094,1
6092,6094,1
6094,6092,0
6094,6092,1
6092,6094,1
6094,6092,2
6092,6094,1
6092,6094,1
6092,6094,1
6094,6092,0
6094,6092,0
6094,6092,1
6088,7163,1
7163,6088,3
6088,7163,3
6088,7163,2
6088,7163,1
7163,6088,2
6088,7163,3
6088,7163,2
6088,7163,3
6088,7163,1
6088,7163,2
6088,7163,2
6088,7163,1
6088,7163,1
6088,7163,1
6088,7163,0
6088,7163,0
7114,4026,2
4026,7114,2
7114,4026,2
4026,7114,0
4026,7114,2
4026,7114,1
4026,7114,0
4026,7114,2
4026,7114,1
4026,7114,2
4026,7114,1
4026,7114,1
4026,7114,1
4026,7114,1
4026,7114,0
4026,7114,1
6088,7114,1
6088,7114,2
6088,7114,3
6088,7114,3
6088,7114,1
7114,6088,1
6088,7114,3
6088,7114,2
6088,7114,3
6088,7114,1
6088,7114,3
6088,7114,2
6088,7114,1
6088,7114,1
6088,7114,2
6088,7114,2
6088,7114,2
7163,6092,0
7163,6092,2
6092,7163,2
7163,6092,2
7163,6092,0
6092,7163,1
6092,7163,1
7163,6092,1
7163,6092,2
7163,6092,1
6092,7163,1
7163,6092,1
7163,6092,0
7163,6092,1
7163,6092,0
7163,6092,0
7163,6092,2
6095,6096,2
6095,6096,3
6095,6096,2
6095,6096,1
6095,6096,1
6095,6096,1
6095,6096,2
6095,6096,0
6096,6095,2
6095,6096,0
6095,6096,2
6095,6096,0
6095,6096,1
6095,6096,2
6095,6096,2
6095,6096,2
6095,6096,0
8083,5087,2
8083,5087,3
5087,8083,3
5087,8083,3
5087,8083,3
5087,8083,1
5087,8083,3
5087,8083,2
5087,8083,3
5087,8083,1
5087,8083,3
5087,8083,1
5087,8083,1
5087,8083,2
5087,8083,1
8083,5087,1
5087,8083,1
7064,6095,3
6095,7064,2
7064,6095,2
7064,6095,1
7064,6095,0
7064,6095,0
7064,6095,0
6095,7064,1
6095,7064,1
7064,6095,1
7064,6095,2
6095,7064,3
7064,6095,1
7064,6095,1
7064,6095,1
7064,6095,0
7064,6095,1
6096,7114,2
6096,7114,2
7114,6096,2
6096,7114,1
6096,7114,0
6096,7114,0
6096,7114,1
7114,6096,2
6096,7114,2
7114,6096,2
7114,6096,2
6096,7114,1
6096,7114,0
6096,7114,1
6096,7114,0
6096,7114,0
7114,6096,1
4035,6088,3
4035,6088,3
6088,4035,2
6088,4035,1
4035,6088,1
4035,6088,0
4035,6088,2
6088,4035,3
4035,6088,3
4035,6088,3
4035,6088,3
4035,6088,3
4035,6088,1
4035,6088,2
4035,6088,2
6088,4035,1
4035,6088,1
4026,7060,3
7060,4026,2
7060,4026,1
4026,7060,2
4026,7060,1
4026,7060,1
4026,7060,2
4026,7060,2
4026,7060,3
4026,7060,3
4026,7060,3
4026,7060,1
4026,7060,1
4026,7060,1
4026,7060,0
4026,7060,1
7060,6096,3
6096,7060,2
6096,7060,0
6096,7060,1
6096,7060,0
6096,7060,0
6096,7060,0
6096,7060,2
6096,7060,2
6096,7060,1
6096,7060,1
6096,7060,0
6096,7060,0
6096,7060,0
6096,7060,0
6096,7060,0
4026,6096,3
6096,4026,1
6096,4026,1
4026,6096,1
6096,4026,0
6096,4026,1
4026,6096,2
4026,6096,2
4026,6096,3
4026,6096,3
4026,6096,2
4026,6096,1
6096,4026,0
6096,4026,0
6096,4026,0
4026,6096,1
4026,6092,3
4026,6092,3
4026,6092,2
4026,6092,1
4026,6092,1
4026,6092,1
4026,6092,1
4026,6092,2
4026,6092,2
4026,6092,3
4026,6092,3
4026,6092,3
6092,4026,1
4026,6092,1
6092,4026,1
6092,4026,2
4026,6092,1
7163,7060,2
7163,7060,3
7060,7163,2
7060,7163,1
7163,7060,1
7163,7060,1
7163,7060,1
7060,7163,2
7163,7060,2
7060,7163,1
7163,7060,2
7163,7060,2
7163,7060,1
7163,7060,1
7163,7060,1
7163,7060,0
7163,7060,2
6088,7116,1
6088,7116,2
7116,6088,1
7116,6088,1
7116,6088,1
6088,7116,1
6088,7116,3
6088,7116,3
7116,6088,3
6088,7116,2
7116,6088,1
6088,7116,1
7116,6088,2
7116,6088,3
7116,6088,3
7116,6088,2
7116,6088,1
7116,6088,3
4026,5087,3
4026,5087,2
5087,4026,1
5087,4026,3
5087,4026,1
5087,4026,1
5087,4026,3
5087,4026,3
5087,4026,3
5087,4026,2
4026,5087,1
5087,4026,2
5087,4026,2
5087,4026,2
5087,4026,2
5087,4026,2
5087,4026,2
6053,6092,2
6092,6053,2
6092,6053,2
6053,6092,0
6053,6092,0
6053,6092,0
6053,6092,0
6053,6092,1
6053,6092,1
6053,6092,1
6053,6092,1
6053,6092,1
6053,6092,0
6053,6092,0
6053,6092,0
6092,6053,1
6092,6053,1
6053,6092,0
6053,6092,0
6095,7138,3
6095,7138,2
6095,7138,2
6095,7138,1
6095,7138,1
6095,7138,1
6095,7138,1
6095,7138,2
7138,6095,2
7138,6095,1
6095,7138,2
6095,7138,2
6095,7138,1
6095,7138,1
6095,7138,2
6095,7138,2
6095,7138,1
7138,6095,1
6095,7138,3
7045,6094,1
6094,7045,1
7045,6094,0
7045,6094,0
7045,6094,1
7045,6094,1
7045,6094,1
7045,6094,2
7045,6094,2
6094,7045,1
7045,6094,0
7045,6094,0
7045,6094,1
7045,6094,0
7045,6094,1
6094,7045,1
7045,6094,1
7136,7045,2
7136,7045,1
7045,7136,0
7045,7136,0
7045,7136,0
7045,7136,1
7045,7136,1
7136,7045,2
7136,7045,1
7136,7045,1
7045,7136,0
7045,7136,0
7136,7045,1
7136,7045,1
7136,7045,1
7136,7045,2
7136,7045,1
6068,6046,2
6068,6046,2
6068,6046,2
6068,6046,1
6046,6068,0
6068,6046,1
6068,6046,1
6068,6046,1
6068,6046,1
6068,6046,2
6068,6046,2
6068,6046,2
6068,6046,1
6068,6046,1
6068,6046,1
6068,6046,2
6068,6046,1
6068,6046,2
6086,5118,3
5118,6086,2
6086,5118,2
6086,5118,1
6086,5118,2
6086,5118,1
6086,5118,0
6086,5118,1
6086,5118,3
6086,5118,2
6086,5118,1
6086,5118,1
6086,5118,0
6086,5118,1
6086,5118,0
6086,5118,1
6086,5118,1
6086,5118,2
6086,5118,0
5087,6025,1
5087,6025,3
5087,6025,3
5087,6025,2
5087,6025,1
5087,6025,3
5087,6025,3
5087,6025,2
5087,6025,3
5087,6025,3
5087,6025,2
5087,6025,3
5087,6025,3
5087,6025,2
5087,6025,3
5087,6025,3
5087,6025,3
5087,6025,2
5087,6025,2
4026,7109,2
4026,7109,2
4026,7109,1
4026,7109,3
7109,4026,1
4026,7109,1
4026,7109,2
4026,7109,1
4026,7109,2
4026,7109,2
7109,4026,2
4026,7109,1
4026,7109,3
4026,7109,1
7109,4026,1
4026,7109,2
4026,7109,3
4026,7109,0
4026,7109,0
5087,7163,1
5087,7163,3
7163,5087,2
5087,7163,1
5087,7163,3
5087,7163,2
5087,7163,3
5087,7163,2
5087,7163,2
5087,7163,3
5087,7163,1
5087,7163,1
5087,7163,1
5087,7163,3
5087,7163,2
5087,7163,1
6088,6094,1
6088,6094,2
6088,6094,2
6088,6094,1
6088,6094,1
6088,6094,3
6088,6094,1
6088,6094,3
6088,6094,3
6088,6094,2
6088,6094,2
6088,6094,2
6088,6094,2
6088,6094,1
6094,6088,0
6088,6094,2
6088,6094,1
6088,6094,2
6094,4035,1
4035,6094,2
4035,6094,3
4035,6094,3
4035,6094,1
4035,6094,3
4035,6094,3
4035,6094,1
4035,6094,3
4035,6094,3
4035,6094,2
4035,6094,2
4035,6094,3
4035,6094,3
4035,6094,2
4035,6094,2
4035,6094,3
4035,6094,1
4035,6094,1
7116,6068,2
7116,6068,3
6068,7116,0
7116,6068,2
7116,6068,2
7116,6068,1
7116,6068,1
7116,6068,1
7116,6068,1
7116,6068,3
7116,6068,3
7116,6068,2
7116,6068,2
7116,6068,1
7116,6068,3
7116,6068,1
7116,6068,3
7116,6068,2
7116,6068,2
6068,6092,1
6068,6092,2
6068,6092,1
6068,6092,2
6092,6068,1
6068,6092,1
6068,6092,1
6068,6092,0
6068,6092,1
6068,6092,2
6068,6092,1
6068,6092,0
6068,6092,1
6068,6092,0
6068,6092,0
6068,6092,1
6068,6092,1
6068,6092,1
6068,6092,0
4008,7163,1
4008,7163,3
4008,7163,2
7163,4008,2
4008,7163,1
4008,7163,1
7163,4008,2
4008,7163,1
7163,4008,1
4008,7163,2
4008,7163,2
4008,7163,2
4008,7163,2
4008,7163,1
7163,4008,1
4008,7163,1
4008,7163,1
4008,7163,1
4008,7163,1
8083,6095,2
6095,8083,0
6095,8083,3
6095,8083,1
8083,6095,1
6095,8083,2
6095,8083,0
8083,6095,1
8083,6095,1
8083,6095,1
8083,6095,2
6095,8083,1
6095,8083,0
6095,8083,0
6095,8083,1
6095,8083,2
6095,8083,1
6088,6096,2
6088,6096,1
6088,6096,3
6088,6096,3
6088,6096,1
6088,6096,2
6088,6096,3
6088,6096,2
6088,6096,3
6088,6096,2
6088,6096,2
6088,6096,2
6088,6096,1
6088,6096,1
6088,6096,1
6088,6096,1
6088,6096,3
6088,6096,1
7116,8083,1
7116,8083,1
7116,8083,3
7116,8083,2
8083,7116,2
7116,8083,2
7116,8083,1
8083,7116,1
7116,8083,1
7116,8083,3
7116,8083,1
7116,8083,1
7116,8083,3
7116,8083,1
7116,8083,1
7116,8083,1
7116,8083,1
7116,8083,2
7116,8083,1
6095,6029,1
6029,6095,0
6029,6095,2
6095,6029,2
6095,6029,1
6095,6029,1
6095,6029,2
6095,6029,1
6095,6029,2
6029,6095,0
6095,6029,1
6095,6029,1
6095,6029,1
6095,6029,1
6029,6095,0
6095,6029,1
6095,6029,1
6095,6029,2
7136,7116,2
7116,7136,2
7116,7136,2
7116,7136,2
7116,7136,2
7116,7136,2
7136,7116,1
7116,7136,1
7116,7136,3
7116,7136,2
7116,7136,3
7116,7136,3
7116,7136,2
7116,7136,2
7116,7136,1
7116,7136,2
7116,7136,2
7116,7136,2
6095,7114,2
6095,7114,0
6095,7114,2
6095,7114,3
6095,7114,1
6095,7114,1
7114,6095,2
6095,7114,0
6095,7114,3
6095,7114,1
7114,6095,1
6095,7114,2
6095,7114,2
6095,7114,1
6095,7114,1
6095,7114,1
6095,7114,1
6095,7114,2
7138,7045,1
7045,7138,1
7138,7045,2
7138,7045,2
7138,7045,1
7045,7138,1
7138,7045,3
7045,7138,1
7045,7138,2
7045,7138,1
7138,7045,1
7045,7138,2
7045,7138,0
7045,7138,0
7045,7138,0
7045,7138,0
7045,7138,0
7045,7138,0
8083,6068,3
6068,8083,0
8083,6068,2
6068,8083,2
8083,6068,2
6068,8083,1
8083,6068,2
8083,6068,2
8083,6068,1
8083,6068,2
6068,8083,0
8083,6068,1
8083,6068,1
8083,6068,1
6068,8083,0
6068,8083,0
8083,6068,1
8083,6068,1
8083,6068,1
7163,6086,1
6086,7163,0
6086,7163,2
6086,7163,3
7163,6086,3
6086,7163,2
7163,6086,1
7163,6086,1
7163,6086,3
6086,7163,1
7163,6086,3
6086,7163,2
6086,7163,1
7163,6086,2
7163,6086,1
6086,7163,2
6086,7163,0
4008,5087,3
5087,4008,2
4008,5087,2
5087,4008,3
5087,4008,3
5087,4008,3
5087,4008,1
5087,4008,1
5087,4008,2
5087,4008,2
4008,5087,1
5087,4008,3
5087,4008,2
4008,5087,1
5087,4008,1
5087,4008,3
4008,5087,1
6086,7109,0
6086,7109,1
7109,6086,2
6086,7109,3
6086,7109,2
6086,7109,2
7109,6086,1
6086,7109,1
6086,7109,3
6086,7109,2
6086,7109,1
7109,6086,2
6086,7109,1
6086,7109,0
6086,7109,0
6086,7109,2
6086,7109,0
7109,6053,1
6053,7109,0
6053,7109,2
6053,7109,2
6053,7109,2
6053,7109,2
6053,7109,0
6053,7109,1
7109,6053,1
6053,7109,2
7109,6053,1
6053,7109,1
6053,7109,0
6053,7109,0
6053,7109,0
6053,7109,0
6053,7109,0
4035,7138,2
4035,7138,1
7138,4035,3
4035,7138,3
4035,7138,3
4035,7138,3
4035,7138,1
4035,7138,3
7138,4035,0
4035,7138,3
4035,7138,1
4035,7138,2
4035,7138,2
4035,7138,3
4035,7138,3
4035,7138,1
4026,4035,2
4035,4026,0
4035,4026,2
4035,4026,3
4035,4026,3
4035,4026,2
4035,4026,1
4035,4026,1
4035,4026,3
4035,4026,2
4035,4026,1
4035,4026,2
4035,4026,3
4035,4026,1
4035,4026,3
4035,4026,2
4035,4026,0
8083,6094,3
8083,6094,1
8083,6094,3
8083,6094,2
6094,8083,2
8083,6094,1
8083,6094,2
6094,8083,0
8083,6094,1
8083,6094,1
8083,6094,2
8083,6094,2
8083,6094,2
8083,6094,1
8083,6094,2
8083,6094,2
8083,6094,2
6086,7136,2
6086,7136,1
6086,7136,2
6086,7136,3
6086,7136,2
6086,7136,0
6086,7136,0
6086,7136,1
6086,7136,2
6086,7136,2
6086,7136,1
6086,7136,2
6086,7136,1
6086,7136,0
6086,7136,1
6086,7136,2
6086,7136,0
7109,7163,2
7109,7163,0
7163,7109,3
7163,7109,2
7163,7109,1
7163,7109,3
7163,7109,3
7109,7163,2
7163,7109,1
7163,7109,3
7163,7109,1
7163,7109,3
7109,7163,2
7163,7109,1
7109,7163,0
7163,7109,2
7109,7163,0
7163,7109,2
7109,7163,0
6096,7163,0
6096,7163,0
6096,7163,2
7163,6096,3
6096,7163,0
7163,6096,1
6096,7163,2
7163,6096,2
7163,6096,1
7163,6096,3
7163,6096,3
6096,7163,2
7163,6096,1
6096,7163,0
7163,6096,1
6096,7163,1
7163,6096,2
7163,6096,1
7109,5118,1
7109,5118,0
5118,7109,2
5118,7109,2
5118,7109,2
7109,5118,0
7109,5118,2
5118,7109,2
7109,5118,0
7109,5118,2
5118,7109,2
5118,7109,1
7109,5118,2
7109,5118,1
7109,5118,0
7109,5118,0
7109,5118,0
5118,7109,2
5118,7109,1
6062,7060,1
6062,7060,1
7060,6062,2
7060,6062,2
6062,7060,1
6062,7060,1
6062,7060,2
6062,7060,0
6062,7060,3
6062,7060,1
6062,7060,2
6062,7060,1
6062,7060,0
6062,7060,0
6062,7060,0
6062,7060,2
6062,7060,0
6095,7153,0
6095,7153,1
6095,7153,2
6095,7153,2
6095,7153,1
6095,7153,1
6095,7153,2
6095,7153,3
7153,6095,1
6095,7153,2
7153,6095,1
6095,7153,1
6095,7153,2
6095,7153,2
6095,7153,1
6095,7153,0
6095,7153,1
6095,7153,1
6095,7153,1
7060,5064,1
5064,7060,1
5064,7060,2
5064,7060,2
5064,7060,1
5064,7060,2
5064,7060,2
5064,7060,1
5064,7060,2
5064,7060,1
5064,7060,1
5064,7060,3
5064,7060,2
5064,7060,1
5064,7060,1
5064,7060,0
5064,7060,1
5064,7060,1
5064,6062,2
6062,5064,0
5064,6062,2
5064,6062,2
5064,6062,1
5064,6062,2
5064,6062,2
5064,6062,2
5064,6062,1
5064,6062,3
5064,6062,1
5064,6062,1
5064,6062,3
5064,6062,2
5064,6062,1
5064,6062,2
5064,6062,1
6062,5064,0
5064,6062,1
7109,6025,2
6025,7109,0
7109,6025,2
7109,6025,2
7109,6025,1
6025,7109,0
6025,7109,2
6025,7109,2
7109,6025,1
7109,6025,2
6025,7109,0
7109,6025,1
7109,6025,2
6025,7109,1
7109,6025,1
6025,7109,0
6025,7109,0
6025,7109,1
7109,6025,1
7136,6025,2
7136,6025,2
6025,7136,3
7136,6025,1
6025,7136,2
6025,7136,2
7136,6025,2
7136,6025,0
7136,6025,3
7136,6025,2
6025,7136,1
7136,6025,2
7136,6025,0
7136,6025,1
7136,6025,0
7136,6025,1
7136,6025,0
7136,6025,2
7136,6025,1
6086,7045,2
6086,7045,2
6086,7045,3
6086,7045,2
6086,7045,3
6086,7045,2
7045,6086,0
6086,7045,2
6086,7045,2
6086,7045,3
6086,7045,3
6086,7045,2
6086,7045,2
6086,7045,1
6086,7045,1
6086,7045,1
6086,7045,3
6086,7045,1
7116,7060,3
7116,7060,2
7116,7060,2
7116,7060,2
7116,7060,2
7116,7060,2
7116,7060,3
7116,7060,2
7116,7060,3
7116,7060,2
7116,7060,3
7116,7060,3
7116,7060,1
7116,7060,3
7116,7060,1
7116,7060,3
7116,7060,2
7116,7060,3
7116,7060,2
6025,6095,1
6095,6025,2
6095,6025,1
6095,6025,2
6095,6025,2
6095,6025,0
6095,6025,2
6095,6025,1
6095,6025,2
6095,6025,2
6095,6025,0
6095,6025,2
6095,6025,1
6095,6025,0
6095,6025,2
4026,6095,1
6095,4026,3
6095,4026,3
6095,4026,0
4026,6095,3
4026,6095,3
6095,4026,3
4026,6095,1
6095,4026,2
4026,6095,1
4026,6095,2
6095,4026,2
6095,4026,1
6095,4026,1
6095,4026,0
6095,4026,1
4026,6095,1
4026,6095,2
6095,4026,2
7109,6092,1
6092,7109,2
7109,6092,2
7109,6092,1
7109,6092,2
7109,6092,2
6092,7109,2
6092,7109,1
7109,6092,2
7109,6092,2
6092,7109,1
7109,6092,2
7109,6092,1
6092,7109,1
7109,6092,0
7109,6092,1
6092,7109,1
7109,6092,0
6092,7109,1
6029,7109,0
6029,7109,1
7109,6029,2
7109,6029,1
7109,6029,2
7109,6029,2
6029,7109,2
7109,6029,1
6029,7109,1
6029,7109,0
7109,6029,1
7109,6029,2
7109,6029,1
6029,7109,0
6029,7109,0
6029,7109,0
6029,7109,0
7109,6029,1
6029,7109,0
5064,7109,1
5064,7109,2
7109,5064,2
5064,7109,1
5064,7109,2
5064,7109,2
5064,7109,2
5064,7109,3
5064,7109,3
5064,7109,1
5064,7109,1
5064,7109,2
5064,7109,0
5064,7109,1
5064,7109,2
7109,5064,1
5064,7109,2
4008,6095,1
4008,6095,1
4008,6095,2
6095,4008,0
4008,6095,2
6095,4008,1
6095,4008,0
4008,6095,2
4008,6095,1
6095,4008,0
4008,6095,1
6095,4008,1
4008,6095,1
6095,4008,0
6095,4008,1
6095,4008,1
4008,6095,1
6062,6068,1
6068,6062,2
6068,6062,3
6068,6062,2
6062,6068,2
6068,6062,0
6068,6062,0
6062,6068,1
6068,6062,1
6068,6062,0
6062,6068,1
6068,6062,2
6068,6062,1
6068,6062,0
6068,6062,0
6068,6062,1
6068,6062,2
4035,7064,2
4035,7064,2
4035,7064,3
4035,7064,3
4035,7064,3
4035,7064,1
4035,7064,2
4035,7064,3
4035,7064,3
4035,7064,1
4035,7064,3
4035,7064,3
4035,7064,2
4035,7064,2
4035,7064,2
7064,4035,2
4035,7064,1
6096,4008,0
4008,6096,2
4008,6096,3
4008,6096,2
6096,4008,2
6096,4008,1
6096,4008,0
4008,6096,3
4008,6096,2
4008,6096,1
4008,6096,1
4008,6096,2
4008,6096,1
4008,6096,2
6096,4008,1
4008,6096,1
4008,6096,2
5087,6092,0
5087,6092,2
5087,6092,3
5087,6092,2
5087,6092,3
5087,6092,3
5087,6092,3
5087,6092,3
5087,6092,3
5087,6092,2
5087,6092,3
5087,6092,3
5087,6092,2
5087,6092,1
5087,6092,3
5087,6092,1
5087,6092,2
7114,4008,2
4008,7114,2
4008,7114,3
4008,7114,3
4008,7114,2
4008,7114,0
4008,7114,0
4008,7114,1
4008,7114,2
4008,7114,1
4008,7114,1
4008,7114,1
4008,7114,1
4008,7114,1
4008,7114,1
4008,7114,1
4008,7114,2
6029,7045,2
7045,6029,0
7045,6029,0
6029,7045,2
7045,6029,0
7045,6029,0
6029,7045,1
7045,6029,1
7045,6029,0
6029,7045,1
6029,7045,1
7045,6029,0
7045,6029,0
7045,6029,0
7045,6029,0
6029,7045,1
6092,7153,0
6092,7153,1
6092,7153,1
7153,6092,2
6092,7153,2
6092,7153,0
6092,7153,0
7153,6092,1
6092,7153,1
6092,7153,0
6092,7153,1
6092,7153,2
6092,7153,0
6092,7153,0
6092,7153,0
6092,7153,0
6092,7153,0
6096,6086,1
6096,6086,3
6096,6086,2
6086,6096,3
6086,6096,1
6086,6096,2
6086,6096,2
6086,6096,1
6086,6096,0
6086,6096,1
6096,6086,1
6086,6096,2
6096,6086,1
6086,6096,0
6086,6096,0
6086,6096,2
6029,5118,0
6029,5118,3
5118,6029,2
5118,6029,3
5118,6029,1
6029,5118,0
5118,6029,1
5118,6029,1
6029,5118,0
5118,6029,1
5118,6029,1
5118,6029,1
6029,5118,0
6029,5118,0
5118,6029,1
6068,5118,1
6068,5118,3
6068,5118,2
6068,5118,3
6068,5118,0
6068,5118,0
5118,6068,1
5118,6068,1
6068,5118,0
6068,5118,1
6068,5118,0
6068,5118,2
6068,5118,1
6068,5118,1
6068,5118,0
6068,5118,2
6046,7060,1
6046,7060,2
6046,7060,2
7060,6046,3
6046,7060,0
6046,7060,0
7060,6046,1
6046,7060,1
6046,7060,0
6046,7060,1
7060,6046,1
7060,6046,1
7060,6046,1
6046,7060,0
6046,7060,0
6046,7060,0
5118,7064,1
7064,5118,3
7064,5118,2
7064,5118,2
7064,5118,0
7064,5118,0
7064,5118,1
5118,7064,3
7064,5118,0
7064,5118,1
7064,5118,1
7064,5118,2
7064,5118,1
7064,5118,2
7064,5118,3
7064,5118,1
4008,8083,1
4008,8083,3
4008,8083,2
4008,8083,2
8083,4008,0
8083,4008,0
4008,8083,2
4008,8083,1
8083,4008,0
8083,4008,1
8083,4008,0
4008,8083,3
8083,4008,0
8083,4008,0
8083,4008,0
8083,4008,2
8083,5064,1
8083,5064,3
8083,5064,2
8083,5064,3
5064,8083,0
5064,8083,0
8083,5064,1
8083,5064,2
8083,5064,1
5064,8083,1
5064,8083,3
5064,8083,0
5064,8083,0
5064,8083,3
8083,5064,2
7064,7060,0
7064,7060,2
7064,7060,3
7064,7060,0
7064,7060,0
7064,7060,1
7064,7060,1
7064,7060,0
7060,7064,1
7064,7060,1
7064,7060,1
7064,7060,1
7064,7060,1
7064,7060,1
7128,7045,3
7128,7045,2
7045,7128,1
7128,7045,1
7128,7045,1
7045,7128,0
7128,7045,1
7128,7045,1
7045,7128,1
7128,7045,1
7128,7045,1
7045,7128,0
7045,7128,0
7045,7128,0
7045,7128,0
7045,7128,0
7153,5064,1
5064,7153,2
5064,7153,3
5064,7153,3
5064,7153,2
5064,7153,1
5064,7153,0
5064,7153,1
5064,7153,1
5064,7153,1
5064,7153,2
5064,7153,1
5064,7153,1
5064,7153,1
5064,7153,1
5064,7153,0
7114,6025,2
7114,6025,1
6025,7114,2
6025,7114,0
6025,7114,0
7114,6025,2
6025,7114,0
7114,6025,1
7114,6025,1
7114,6025,2
6025,7114,0
7114,6025,3
6025,7114,0
6025,7114,0
6025,7114,0
6025,7114,0
6025,7114,1
7045,7153,0
7045,7153,1
7045,7153,2
7045,7153,0
7153,7045,2
7045,7153,0
7153,7045,1
7045,7153,1
7045,7153,0
7045,7153,2
7045,7153,0
7045,7153,0
7045,7153,0
7153,7045,1
7060,6053,2
6053,7060,2
7060,6053,3
7060,6053,2
7060,6053,1
7060,6053,2
6053,7060,0
7060,6053,1
6053,7060,0
7060,6053,2
6053,7060,1
6053,7060,2
6053,7060,1
6053,7060,1
6053,7060,1
6053,7060,0
6053,7060,1
7114,7138,1
7138,7114,2
7138,7114,2
7138,7114,0
7138,7114,1
7114,7138,1
7138,7114,0
7138,7114,2
7138,7114,0
7138,7114,2
7138,7114,0
7114,7138,1
7138,7114,0
7138,7114,0
7138,7114,0
7138,7114,0
7138,7114,0
5064,6046,1
5064,6046,2
5064,6046,3
5064,6046,3
6046,5064,0
5064,6046,2
6046,5064,0
5064,6046,1
5064,6046,1
5064,6046,1
5064,6046,2
5064,6046,1
5064,6046,1
5064,6046,2
5064,6046,2
5064,6046,1
6025,6096,2
6096,6025,2
6096,6025,2
6096,6025,3
6096,6025,1
6025,6096,1
6096,6025,0
6025,6096,1
6025,6096,1
6096,6025,2
6096,6025,1
6025,6096,1
6096,6025,1
6096,6025,0
6096,6025,1
6096,6025,1
6025,6096,1
4035,6029,1
4035,6029,3
4035,6029,3
4035,6029,2
4035,6029,1
4035,6029,3
4035,6029,3
4035,6029,1
4035,6029,3
4035,6029,3
4035,6029,3
4035,6029,3
4035,6029,2
4035,6029,2
4035,6029,1
6029,4035,0
4035,6029,2
4035,6053,2
4035,6053,3
4035,6053,2
4035,6053,1
4035,6053,3
4035,6053,3
4035,6053,2
4035,6053,3
4035,6053,3
4035,6053,3
4035,6053,3
4035,6053,2
4035,6053,2
4035,6053,1
4035,6053,0
4035,6053,2
7136,7138,2
7138,7136,2
7136,7138,2
7136,7138,3
7138,7136,1
7138,7136,0
7136,7138,1
7138,7136,1
7136,7138,1
7138,7136,2
7138,7136,0
7136,7138,2
7138,7136,0
7138,7136,0
7138,7136,0
7138,7136,0
7136,7138,1
7136,7138,1
7064,7128,3
7064,7128,2
7064,7128,3
7128,7064,1
7064,7128,0
7128,7064,1
7064,7128,1
7064,7128,0
7128,7064,1
7064,7128,1
7064,7128,1
7064,7128,1
7064,7128,2
7064,7128,1
7064,7128,2
7064,7128,2
7064,7128,2
7128,6092,1
6092,7128,2
6092,7128,2
7128,6092,1
7128,6092,0
7128,6092,1
7128,6092,1
7128,6092,0
7128,6092,1
7128,6092,0
7128,6092,1
7128,6092,0
7128,6092,0
6092,7128,1
7128,6092,0
6092,7128,1
6092,7128,1
7109,7045,2
7045,7109,2
7045,7109,0
7109,7045,1
7045,7109,0
7109,7045,1
7045,7109,1
7109,7045,1
7045,7109,1
7045,7109,0
7045,7109,1
7045,7109,0
7109,7045,1
7045,7109,1
7045,7109,0
7045,7109,0
7109,7045,1
4008,6053,2
6053,4008,2
4008,6053,2
4008,6053,3
6053,4008,0
6053,4008,0
4008,6053,3
4008,6053,1
4008,6053,1
4008,6053,1
4008,6053,1
4008,6053,3
4008,6053,1
4008,6053,1
4008,6053,1
4008,6053,1
4008,6053,1
4008,6053,1
6025,5118,0
5118,6025,3
5118,6025,2
5118,6025,3
6025,5118,0
6025,5118,0
5118,6025,1
5118,6025,1
5118,6025,1
5118,6025,2
5118,6025,1
5118,6025,1
5118,6025,1
6025,5118,0
5118,6025,1
5118,6025,1
5118,6025,2
5118,6025,1
6029,6086,0
6086,6029,2
6086,6029,2
6086,6029,1
6086,6029,3
6086,6029,1
6086,6029,2
6086,6029,2
6086,6029,2
6029,6086,0
6086,6029,1
6086,6029,1
6086,6029,1
6086,6029,1
6086,6029,1
6029,6086,0
6029,6086,0
6086,6029,2
6025,6046,1
6025,6046,2
6046,6025,2
6046,6025,1
6046,6025,2
6046,6025,0
6025,6046,1
6025,6046,1
6046,6025,1
6046,6025,0
6046,6025,0
6025,6046,1
6046,6025,0
6046,6025,0
6046,6025,1
6046,6025,0
6046,6025,0
6046,6025,0
6068,5087,2
5087,6068,3
5087,6068,2
5087,6068,3
5087,6068,3
5087,6068,3
5087,6068,2
5087,6068,3
5087,6068,3
5087,6068,2
5087,6068,1
5087,6068,3
5087,6068,1
5087,6068,2
5087,6068,1
5087,6068,2
5087,6068,0
5087,6068,2
4035,7163,2
4035,7163,3
7163,4035,2
4035,7163,2
4035,7163,3
4035,7163,2
4035,7163,2
4035,7163,3
4035,7163,3
4035,7163,1
4035,7163,2
4035,7163,2
4035,7163,2
4035,7163,2
4035,7163,2
4035,7163,1
4035,7163,0
4035,7163,1
4035,7153,2
7153,4035,2
4035,7153,2
4035,7153,3
4035,7153,3
4035,7153,3
4035,7153,3
4035,7153,3
4035,7153,1
4035,7153,2
4035,7153,3
4035,7153,3
4035,7153,2
4035,7153,2
4035,7153,1
4035,7153,0
4035,7153,1
6046,7138,1
6046,7138,2
6046,7138,2
6046,7138,0
7138,6046,2
6046,7138,0
7138,6046,1
7138,6046,2
7138,6046,1
6046,7138,0
7138,6046,1
7138,6046,1
6046,7138,0
6046,7138,0
6046,7138,0
6046,7138,0
6046,7138,0
6046,7138,0
6088,7109,2
6088,7109,3
6088,7109,3
6088,7109,3
6088,7109,2
6088,7109,2
6088,7109,3
6088,7109,3
6088,7109,1
6088,7109,2
6088,7109,2
6088,7109,2
6088,7109,1
6088,7109,1
6088,7109,1
7109,6088,0
6088,7109,2
6025,6053,0
6025,6053,2
6053,6025,3
6053,6025,2
6025,6053,0
6025,6053,0
6053,6025,1
6053,6025,2
6053,6025,1
6053,6025,1
6053,6025,1
6025,6053,1
6025,6053,0
6025,6053,0
6025,6053,0
6025,6053,0
6053,6025,1
6053,6025,1
7153,6094,2
7153,6094,2
6094,7153,2
6094,7153,1
6094,7153,0
6094,7153,0
6094,7153,1
7153,6094,1
7153,6094,1
7153,6094,1
6094,7153,2
6094,7153,0
7153,6094,1
7153,6094,1
7153,6094,1
7153,6094,1
6094,7153,1
7138,6094,0
7138,6094,2
6094,7138,2
7138,6094,1
7138,6094,0
7138,6094,0
7138,6094,1
6094,7138,1
7138,6094,2
7138,6094,0
7138,6094,2
7138,6094,1
7138,6094,0
7138,6094,1
7138,6094,0
7138,6094,0
6094,7138,1
5087,6094,2
5087,6094,3
5087,6094,2
5087,6094,3
5087,6094,3
5087,6094,3
5087,6094,2
5087,6094,3
5087,6094,3
5087,6094,3
5087,6094,2
5087,6094,3
5087,6094,2
5087,6094,2
5087,6094,2
5087,6094,1
5087,6094,2
5087,6094,2
7064,7138,3
7064,7138,3
7138,7064,1
7064,7138,3
7138,7064,0
7064,7138,1
7064,7138,1
7064,7138,2
7138,7064,1
7138,7064,0
7138,7064,1
7064,7138,2
7064,7138,2
7064,7138,1
7064,7138,2
7064,7138,3
7064,7138,1
6025,6094,1
6025,6094,2
6025,6094,2
6094,6025,0
6025,6094,2
6094,6025,0
6094,6025,0
6025,6094,2
6094,6025,1
6025,6094,1
6025,6094,1
6025,6094,1
6094,6025,0
6025,6094,1
6094,6025,0
6094,6025,0
6094,6025,0
6094,6025,1
8083,7045,2
8083,7045,2
7045,8083,0
8083,7045,3
7045,8083,0
8083,7045,1
8083,7045,1
8083,7045,2
8083,7045,1
7045,8083,0
8083,7045,2
8083,7045,1
8083,7045,1
8083,7045,1
8083,7045,2
8083,7045,3
8083,7045,3
6053,7138,1
7138,6053,2
6053,7138,3
7138,6053,1
6053,7138,2
7138,6053,0
6053,7138,1
6053,7138,1
6053,7138,1
6053,7138,1
6053,7138,1
6053,7138,1
6053,7138,1
6053,7138,1
7138,6053,0
6053,7138,1
7138,6053,0
6053,7138,1
7136,7109,0
7109,7136,2
7136,7109,0
7136,7109,0
7136,7109,2
7136,7109,0
7136,7109,0
7136,7109,1
7136,7109,1
7136,7109,1
7136,7109,1
7136,7109,2
7136,7109,0
7136,7109,0
7136,7109,0
7136,7109,0
7136,7109,0
7136,7109,1
7128,6029,2
6029,7128,0
7128,6029,2
7128,6029,2
7128,6029,1
6029,7128,3
6029,7128,0
7128,6029,1
7128,6029,1
7128,6029,2
6029,7128,0
7128,6029,1
7128,6029,1
6029,7128,0
7128,6029,1
6029,7128,0
6029,7128,0
6029,7128,0
6096,7045,3
6096,7045,2
6096,7045,3
7045,6096,0
6096,7045,3
7045,6096,0
6096,7045,1
6096,7045,1
6096,7045,1
7045,6096,0
7045,6096,2
6096,7045,1
7045,6096,0
7045,6096,0
7045,6096,1
7045,6096,0
6096,7045,1
4026,7138,3
4026,7138,2
4026,7138,3
7138,4026,2
7138,4026,1
4026,7138,3
7138,4026,0
4026,7138,1
4026,7138,2
4026,7138,3
4026,7138,1
4026,7138,2
4026,7138,1
4026,7138,1
4026,7138,1
7138,4026,1
7138,4026,0
4026,7138,1
6096,6029,2
6096,6029,2
6029,6096,2
6096,6029,1
6029,6096,1
6029,6096,0
6096,6029,1
6096,6029,1
6096,6029,1
6029,6096,0
6096,6029,1
6096,6029,1
6029,6096,0
6029,6096,1
6029,6096,0
6029,6096,0
6096,6029,1
7116,7128,2
7116,7128,2
7116,7128,2
7116,7128,3
7116,7128,1
7116,7128,3
7116,7128,2
7116,7128,2
7128,7116,1
7116,7128,2
7116,7128,0
7116,7128,2
7116,7128,1
7116,7128,2
7116,7128,2
7116,7128,2
7116,7128,3
7116,7128,2
7045,6053,2
6053,7045,1
6053,7045,2
7045,6053,0
7045,6053,0
7045,6053,0
7045,6053,0
6053,7045,2
6053,7045,1
6053,7045,1
7045,6053,3
7045,6053,0
6053,7045,1
7045,6053,0
7045,6053,0
7045,6053,0
6053,7045,1
6088,6092,3
6092,6088,2
6088,6092,2
6088,6092,2
6088,6092,2
6088,6092,1
6088,6092,1
6088,6092,3
6088,6092,2
6088,6092,1
6088,6092,3
6088,6092,2
6088,6092,2
6088,6092,1
6088,6092,0
6088,6092,0
6088,6092,2
7116,6092,3
7116,6092,3
7116,6092,2
7116,6092,3
7116,6092,1
7116,6092,3
7116,6092,2
7116,6092,1
7116,6092,2
7116,6092,3
7116,6092,1
7116,6092,3
7116,6092,1
7116,6092,2
7116,6092,2
7116,6092,2
7116,6092,2
7116,6092,2
7116,4008,0
7116,4008,2
7116,4008,1
7116,4008,1
7116,4008,1
7116,4008,0
7116,4008,2
4008,7116,1
4008,7116,1
7116,4008,1
7116,4008,3
7116,4008,0
7116,4008,1
7116,4008,1
7116,4008,1
7116,4008,2
4008,6086,1
6086,4008,3
4008,6086,2
6086,4008,2
6086,4008,2
4008,6086,3
4008,6086,1
6086,4008,2
4008,6086,2
6086,4008,2
6086,4008,0
4008,6086,1
4008,6086,1
6086,4008,1
6086,4008,0
6086,4008,0
6086,4008,2
7064,7109,1
7064,7109,2
7109,7064,2
7109,7064,1
7064,7109,0
7064,7109,2
7064,7109,1
7064,7109,1
7064,7109,1
7064,7109,1
7064,7109,0
7064,7109,1
7064,7109,1
7064,7109,1
7064,7109,1
7064,7109,2
7064,7109,1
6088,5064,2
6088,5064,2
6088,5064,2
5064,6088,0
5064,6088,3
5064,6088,1
6088,5064,3
6088,5064,1
6088,5064,3
5064,6088,2
6088,5064,1
5064,6088,1
5064,6088,1
6088,5064,2
7116,6053,0
7116,6053,3
6053,7116,2
6053,7116,1
7116,6053,1
7116,6053,3
7116,6053,1
6053,7116,2
7116,6053,3
7116,6053,1
7116,6053,1
7116,6053,3
7116,6053,1
7116,6053,2
7116,6053,3
7116,6053,3
7116,6053,3
8083,6088,1
6088,8083,2
6088,8083,2
6088,8083,1
6088,8083,3
6088,8083,1
6088,8083,3
6088,8083,1
6088,8083,3
6088,8083,1
6088,8083,1
6088,8083,1
8083,6088,1
8083,6088,1
8083,6088,1
8083,6088,1
5087,6053,3
5087,6053,2
5087,6053,3
5087,6053,3
5087,6053,3
5087,6053,1
5087,6053,3
5087,6053,2
5087,6053,3
5087,6053,2
5087,6053,3
5087,6053,2
5087,6053,2
5087,6053,2
5087,6053,1
5087,6053,3
6095,6086,2
6095,6086,3
6095,6086,2
6086,6095,2
6086,6095,2
6086,6095,3
6095,6086,0
6086,6095,3
6086,6095,1
6086,6095,3
6086,6095,1
6095,6086,1
6095,6086,1
6095,6086,1
6086,6095,1
6095,6086,1
6086,6095,2
7136,5087,2
5087,7136,0
5087,7136,3
5087,7136,3
5087,7136,3
5087,7136,3
5087,7136,1
5087,7136,3
5087,7136,3
5087,7136,2
5087,7136,2
5087,7136,3
5087,7136,1
5087,7136,3
5087,7136,3
5087,7136,2
5087,7136,1
5087,7136,2
6092,6025,3
6092,6025,2
6092,6025,2
6025,6092,1
6025,6092,0
6092,6025,3
6092,6025,1
6092,6025,2
6092,6025,1
6025,6092,0
6092,6025,1
6092,6025,2
6092,6025,1
6025,6092,1
6092,6025,1
6025,6092,0
6092,6025,1
6025,6092,1
7136,5118,3
5118,7136,2
5118,7136,2
5118,7136,1
7136,5118,1
5118,7136,2
7136,5118,0
5118,7136,2
5118,7136,1
7136,5118,0
7136,5118,1
7136,5118,2
7136,5118,0
7136,5118,0
7136,5118,0
7136,5118,1
7136,5118,0
7136,5118,1
7128,6046,2
6046,7128,0
7128,6046,2
7128,6046,1
6046,7128,0
7128,6046,1
7128,6046,1
6046,7128,1
7128,6046,1
6046,7128,0
7128,6046,1
7128,6046,1
7128,6046,1
6046,7128,0
6046,7128,0
6046,7128,0
7128,6046,1
7128,6046,1
7116,6096,3
7116,6096,2
7116,6096,2
7116,6096,1
6096,7116,0
7116,6096,3
7116,6096,2
7116,6096,1
7116,6096,1
7116,6096,1
7116,6096,3
7116,6096,3
7116,6096,2
7116,6096,2
7116,6096,2
7116,6096,2
7116,6096,3
7116,6096,2
6046,6086,3
6086,6046,3
6086,6046,1
6086,6046,1
6086,6046,3
6086,6046,1
6086,6046,3
6086,6046,2
6086,6046,1
6086,6046,1
6086,6046,2
6046,6086,0
6086,6046,1
6086,6046,1
6086,6046,1
6086,6046,1
6086,6046,3
5118,6095,3
6095,5118,1
5118,6095,2
6095,5118,1
6095,5118,0
5118,6095,2
6095,5118,0
5118,6095,2
6095,5118,1
6095,5118,0
6095,5118,1
6095,5118,2
6095,5118,0
6095,5118,2
6095,5118,1
6095,5118,1
6095,5118,3
5118,6095,1
7114,7128,3
7114,7128,2
7128,7114,2
7128,7114,2
7128,7114,0
7128,7114,0
7128,7114,0
7114,7128,2
7114,7128,1
7128,7114,0
7114,7128,2
7114,7128,2
7128,7114,1
7128,7114,0
7128,7114,1
7128,7114,0
7128,7114,1
7114,7128,1
5087,6046,3
5087,6046,2
5087,6046,3
5087,6046,1
5087,6046,3
5087,6046,2
5087,6046,1
5087,6046,3
5087,6046,3
5087,6046,3
5087,6046,3
5087,6046,3
5087,6046,1
5087,6046,3
5087,6046,2
5087,6046,1
5087,6046,3
7153,7060,2
7060,7153,0
7153,7060,2
7153,7060,1
7060,7153,0
7060,7153,0
7060,7153,1
7153,7060,2
7060,7153,1
7060,7153,1
7153,7060,1
7153,7060,2
7060,7153,0
7060,7153,0
7060,7153,1
7060,7153,0
7060,7153,0
5118,7153,0
5118,7153,2
7153,5118,1
5118,7153,0
5118,7153,0
5118,7153,0
5118,7153,3
5118,7153,2
5118,7153,1
5118,7153,1
5118,7153,0
5118,7153,0
5118,7153,1
5118,7153,0
5118,7153,1
6053,5118,2
5118,6053,2
5118,6053,3
6053,5118,0
6053,5118,0
6053,5118,0
6053,5118,0
5118,6053,2
5118,6053,1
5118,6053,1
5118,6053,1
6053,5118,2
5118,6053,1
6053,5118,0
6053,5118,0
6053,5118,0
5118,6053,1
8083,6046,2
8083,6046,3
8083,6046,2
6046,8083,0
6046,8083,0
8083,6046,1
8083,6046,3
8083,6046,1
6046,8083,1
8083,6046,2
8083,6046,3
8083,6046,2
8083,6046,1
8083,6046,1
8083,6046,2
8083,6046,2
6088,7045,3
7045,6088,2
7045,6088,1
6088,7045,2
6088,7045,1
6088,7045,2
6088,7045,3
6088,7045,3
6088,7045,3
6088,7045,2
6088,7045,3
6088,7045,2
6088,7045,1
6088,7045,1
6088,7045,1
6088,7045,3
6062,7153,0
7153,6062,2
7153,6062,1
6062,7153,0
6062,7153,0
6062,7153,0
6062,7153,2
6062,7153,1
6062,7153,1
6062,7153,1
6062,7153,1
6062,7153,1
6062,7153,0
6062,7153,1
6062,7153,0
6062,7153,1
6095,7045,2
6095,7045,2
6095,7045,2
7045,6095,0
7045,6095,0
7045,6095,0
6095,7045,2
6095,7045,2
6095,7045,1
6095,7045,1
6095,7045,1
6095,7045,1
6095,7045,1
6095,7045,1
6095,7045,3
6095,7045,1
8083,7064,2
7064,8083,2
8083,7064,1
7064,8083,0
7064,8083,0
7064,8083,0
7064,8083,0
8083,7064,1
8083,7064,1
7064,8083,2
8083,7064,3
7064,8083,0
7064,8083,1
7064,8083,1
7064,8083,0
8083,7064,1
5064,6068,2
5064,6068,2
5064,6068,1
6068,5064,1
6068,5064,1
5064,6068,1
6068,5064,2
6068,5064,2
5064,6068,2
6068,5064,2
5064,6068,1
6068,5064,0
5064,6068,1
5064,6068,1
6068,5064,1
6088,7138,3
6088,7138,2
6088,7138,1
6088,7138,1
7138,6088,0
6088,7138,2
6088,7138,3
6088,7138,2
6088,7138,3
6088,7138,3
6088,7138,3
6088,7138,1
6088,7138,1
6088,7138,1
6088,7138,2
7060,7128,3
7128,7060,2
7060,7128,1
7128,7060,1
7128,7060,0
7128,7060,0
7128,7060,0
7060,7128,1
7128,7060,1
7128,7060,2
7060,7128,2
7128,7060,0
7128,7060,0
7060,7128,1
7128,7060,0
7128,7060,0
4008,7153,3
4008,7153,2
7153,4008,1
4008,7153,2
4008,7153,1
4008,7153,0
4008,7153,1
4008,7153,2
4008,7153,2
4008,7153,1
4008,7153,3
4008,7153,1
4008,7153,1
4008,7153,1
4008,7153,1
4008,7153,1
4008,7138,3
4008,7138,2
4008,7138,2
7138,4008,1
7138,4008,0
4008,7138,1
4008,7138,1
4008,7138,2
4008,7138,2
4008,7138,1
4008,7138,3
7138,4008,0
4008,7138,1
4008,7138,1
4008,7138,2
4008,7138,1
6062,6029,3
6062,6029,2
6062,6029,2
6062,6029,1
6029,6062,0
6029,6062,0
6062,6029,1
6062,6029,1
6062,6029,1
6062,6029,1
6062,6029,1
6029,6062,0
6029,6062,0
6062,6029,1
6029,6062,0
6029,6062,0
7163,6025,2
6025,7163,2
7163,6025,2
7163,6025,1
6025,7163,0
7163,6025,1
7163,6025,1
7163,6025,2
7163,6025,3
7163,6025,3
7163,6025,3
7163,6025,1
7163,6025,1
6025,7163,1
7163,6025,1
7163,6025,2
6046,7136,0
7136,6046,2
7136,6046,2
7136,6046,1
6046,7136,0
7136,6046,1
7136,6046,1
6046,7136,1
7136,6046,1
7136,6046,1
7136,6046,2
7136,6046,2
7136,6046,1
6046,7136,0
7136,6046,1
7136,6046,2
6046,7136,0
4026,7128,2
4026,7128,2
4026,7128,2
4026,7128,1
7128,4026,0
4026,7128,1
4026,7128,1
4026,7128,2
4026,7128,2
4026,7128,3
4026,7128,3
4026,7128,3
4026,7128,1
7128,4026,0
7128,4026,0
4026,7128,2
7128,4026,0
8083,7114,2
8083,7114,3
7114,8083,2
7114,8083,1
8083,7114,0
8083,7114,0
8083,7114,1
7114,8083,2
8083,7114,1
7114,8083,1
8083,7114,2
8083,7114,3
8083,7114,1
8083,7114,1
8083,7114,1
8083,7114,3
8083,7114,2
8083,6029,2
6029,8083,1
6029,8083,2
8083,6029,1
8083,6029,1
8083,6029,1
8083,6029,1
8083,6029,1
8083,6029,1
8083,6029,2
8083,6029,2
8083,6029,3
8083,6029,1
8083,6029,1
8083,6029,1
8083,6029,2
8083,6029,2
7064,6068,1
7064,6068,3
6068,7064,2
7064,6068,1
6068,7064,0
6068,7064,0
6068,7064,0
6068,7064,1
6068,7064,1
7064,6068,1
7064,6068,2
6068,7064,0
6068,7064,0
7064,6068,2
7064,6068,1
6068,7064,1
7064,6068,2
5064,7138,2
5064,7138,2
5064,7138,2
5064,7138,1
7138,5064,0
5064,7138,2
7138,5064,1
7138,5064,2
5064,7138,1
5064,7138,3
5064,7138,2
5064,7138,1
5064,7138,1
5064,7138,1
7138,5064,0
5064,7138,2
6096,6062,1
6096,6062,2
6096,6062,2
6062,6096,1
6062,6096,0
6096,6062,1
6096,6062,1
6096,6062,1
6096,6062,2
6096,6062,1
6096,6062,1
6096,6062,3
6096,6062,1
6062,6096,0
6062,6096,1
6096,6062,1
6062,6096,1
7138,6029,2
6029,7138,2
6029,7138,2
6029,7138,1
6029,7138,1
6029,7138,0
6029,7138,0
7138,6029,1
6029,7138,2
7138,6029,1
6029,7138,1
7138,6029,2
6029,7138,0
6029,7138,0
6029,7138,1
6029,7138,0
6029,7138,0
6029,7136,2
6029,7136,1
7136,6029,2
7136,6029,1
6029,7136,0
6029,7136,0
6029,7136,0
6029,7136,1
6029,7136,2
7136,6029,2
7136,6029,2
7136,6029,2
6029,7136,0
7136,6029,1
6029,7136,0
6029,7136,0
7136,6029,2
6029,7136,0
7060,6086,2
6086,7060,2
6086,7060,2
6086,7060,0
6086,7060,3
6086,7060,1
6086,7060,1
6086,7060,3
6086,7060,3
6086,7060,1
6086,7060,1
6086,7060,3
6086,7060,0
6086,7060,1
6086,7060,1
6086,7060,1
6086,7060,2
6086,7060,0
4026,6062,3
4026,6062,2
4026,6062,3
4026,6062,1
4026,6062,1
4026,6062,1
4026,6062,1
4026,6062,2
4026,6062,1
4026,6062,3
4026,6062,2
4026,6062,3
4026,6062,1
4026,6062,1
6062,4026,0
6062,4026,1
4026,6062,1
6062,4026,0
7114,6053,2
6053,7114,2
7114,6053,2
6053,7114,1
6053,7114,2
6053,7114,0
6053,7114,1
7114,6053,2
7114,6053,1
7114,6053,2
7114,6053,2
7114,6053,3
6053,7114,0
6053,7114,1
6053,7114,1
6053,7114,1
6053,7114,1
6053,7114,1
7060,6095,2
6095,7060,2
6095,7060,2
6095,7060,1
6095,7060,0
6095,7060,1
6095,7060,1
6095,7060,2
6095,7060,2
6095,7060,1
6095,7060,3
6095,7060,2
6095,7060,0
6095,7060,2
6095,7060,0
6095,7060,1
6095,7060,1
6095,7060,2
6068,6053,2
6068,6053,2
6053,6068,2
6053,6068,1
6068,6053,2
6068,6053,0
6068,6053,0
6068,6053,1
6053,6068,1
6053,6068,1
6068,6053,3
6068,6053,3
6068,6053,0
6068,6053,1
6068,6053,1
6068,6053,1
6068,6053,2
6068,6053,1
6068,6096,0
6068,6096,3
6096,6068,2
6068,6096,1
6068,6096,0
6068,6096,0
6068,6096,1
6096,6068,1
6096,6068,1
6096,6068,1
6068,6096,2
6068,6096,2
6096,6068,1
6068,6096,1
6068,6096,1
6068,6096,1
6068,6096,2
6068,6096,1
7060,7138,2
7060,7138,2
7138,7060,2
7138,7060,1
7138,7060,0
7138,7060,0
7060,7138,1
7138,7060,2
7138,7060,2
7060,7138,1
7138,7060,2
7060,7138,2
7138,7060,0
7138,7060,0
7138,7060,0
7138,7060,0
7060,7138,1
7138,7060,0
5064,6094,0
5064,6094,2
5064,6094,1
5064,6094,0
5064,6094,1
5064,6094,1
6094,5064,1
6094,5064,1
5064,6094,1
5064,6094,1
5064,6094,2
5064,6094,1
5064,6094,1
6094,5064,1
5064,6094,2
4026,7136,2
4026,7136,2
4026,7136,3
7136,4026,1
7136,4026,1
4026,7136,1
4026,7136,1
4026,7136,2
4026,7136,2
4026,7136,3
4026,7136,3
4026,7136,3
4026,7136,1
7136,4026,0
4026,7136,2
4026,7136,1
7136,4026,0
6095,6053,2
6095,6053,3
6053,6095,2
6053,6095,1
6095,6053,0
6095,6053,0
6095,6053,1
6095,6053,1
6095,6053,2
6095,6053,1
6095,6053,2
6053,6095,1
6053,6095,1
6095,6053,2
6095,6053,1
6095,6053,1
6095,6053,3
5087,7060,0
5087,7060,2
5087,7060,1
5087,7060,3
5087,7060,2
5087,7060,2
5087,7060,3
5087,7060,3
5087,7060,3
5087,7060,3
5087,7060,3
5087,7060,2
5087,7060,2
5087,7060,2
5087,7060,3
5087,7060,2
6025,6029,2
6029,6025,1
6025,6029,2
6025,6029,1
6029,6025,0
6029,6025,0
6029,6025,0
6025,6029,1
6025,6029,1
6029,6025,1
6025,6029,1
6025,6029,1
6029,6025,0
6029,6025,0
6029,6025,0
6029,6025,0
6029,6025,1
5064,7114,2
5064,7114,3
7114,5064,2
5064,7114,1
5064,7114,0
5064,7114,1
7114,5064,2
7114,5064,2
7114,5064,2
5064,7114,3
5064,7114,1
5064,7114,2
5064,7114,1
5064,7114,2
5064,7114,0
5064,7114,2
5118,6062,2
6062,5118,2
6062,5118,2
5118,6062,1
6062,5118,0
6062,5118,0
6062,5118,0
5118,6062,2
5118,6062,2
5118,6062,1
6062,5118,1
5118,6062,2
6062,5118,0
6062,5118,1
6062,5118,0
6062,5118,0
6062,5118,0
6088,7153,2
6088,7153,2
6088,7153,1
6088,7153,1
6088,7153,1
6088,7153,2
6088,7153,3
6088,7153,2
6088,7153,2
6088,7153,3
6088,7153,2
6088,7153,2
6088,7153,2
6088,7153,0
6088,7153,2
6088,7153,0
6062,6092,2
6062,6092,2
6062,6092,2
6092,6062,1
6062,6092,0
6062,6092,0
6062,6092,0
6092,6062,1
6062,6092,1
6062,6092,2
6062,6092,1
6062,6092,2
6062,6092,0
6062,6092,0
6062,6092,0
6062,6092,1
6062,6092,0
6062,6092,0
8083,7163,1
8083,7163,3
7163,8083,2
7163,8083,1
8083,7163,0
8083,7163,0
7163,8083,1
7163,8083,1
7163,8083,2
7163,8083,2
7163,8083,1
8083,7163,1
8083,7163,1
8083,7163,1
8083,7163,1
8083,7163,1
8083,7163,2
8083,7163,1
4008,6062,1
4008,6062,2
6062,4008,0
4008,6062,1
6062,4008,0
4008,6062,1
4008,6062,2
6062,4008,1
4008,6062,3
4008,6062,1
4008,6062,2
4008,6062,1
4008,6062,1
4008,6062,1
6062,4008,0
4008,6062,1
4008,6062,2
7138,7153,0
7153,7138,2
7138,7153,0
7153,7138,1
7138,7153,0
7138,7153,0
7138,7153,0
7138,7153,3
7138,7153,1
7153,7138,2
7153,7138,2
7138,7153,0
7138,7153,0
7138,7153,0
7138,7153,0
7138,7153,0
7138,7153,0
7138,7153,0
7114,7060,0
7114,7060,0
7114,7060,2
7114,7060,1
7114,7060,0
7114,7060,0
7060,7114,1
7114,7060,2
7114,7060,1
7114,7060,2
7114,7060,2
7114,7060,2
7060,7114,1
7114,7060,1
7060,7114,1
7114,7060,0
7114,7060,0
7114,7060,0
4026,7163,2
7163,4026,2
4026,7163,3
7163,4026,1
4026,7163,2
4026,7163,0
7163,4026,1
4026,7163,2
4026,7163,2
4026,7163,2
7163,4026,1
4026,7163,3
4026,7163,0
4026,7163,1
7163,4026,1
7163,4026,1
7163,4026,2
7163,4026,1
7153,7163,2
7163,7153,3
7153,7163,2
7153,7163,1
7163,7153,0
7163,7153,1
7163,7153,1
7163,7153,2
7163,7153,1
7153,7163,1
7163,7153,3
7163,7153,2
7163,7153,1
7163,7153,1
7163,7153,0
7163,7153,0
7163,7153,2
7163,7153,0
7163,7138,2
7163,7138,2
7163,7138,2
7138,7163,0
7138,7163,0
7163,7138,1
7138,7163,3
7163,7138,1
7163,7138,3
7163,7138,3
7163,7138,3
7163,7138,1
7138,7163,0
7163,7138,1
7138,7163,0
7163,7138,2
7163,7138,1
7064,6046,2
7064,6046,3
7064,6046,2
6046,7064,0
6046,7064,0
7064,6046,1
6046,7064,1
7064,6046,1
6046,7064,1
7064,6046,2
7064,6046,2
7064,6046,1
7064,6046,2
7064,6046,2
7064,6046,2
7064,6046,1
7064,6046,2
6086,6094,3
6086,6094,2
6094,6086,2
6086,6094,1
6086,6094,3
6086,6094,1
6086,6094,3
6086,6094,1
6086,6094,3
6086,6094,2
6086,6094,2
6086,6094,1
6086,6094,2
6086,6094,2
6086,6094,1
6086,6094,2
6086,6094,2
7116,7109,3
7116,7109,3
7116,7109,2
7116,7109,1
7116,7109,0
7116,7109,1
7116,7109,2
7116,7109,2
7116,7109,1
7116,7109,2
7116,7109,3
7116,7109,1
7116,7109,3
7116,7109,3
7116,7109,3
7116,7109,3
7116,7109,3
7045,6046,0
6046,7045,2
6046,7045,1
7045,6046,0
7045,6046,0
7045,6046,1
7045,6046,1
6046,7045,1
6046,7045,1
7045,6046,3
7045,6046,0
7045,6046,0
7045,6046,0
7045,6046,0
7045,6046,0
7045,6046,0
4008,6092,2
4008,6092,1
4008,6092,2
4008,6092,1
4008,6092,0
4008,6092,0
4008,6092,2
4008,6092,1
4008,6092,2
4008,6092,2
4008,6092,3
4008,6092,1
4008,6092,3
4008,6092,1
4008,6092,0
4008,6092,1
4008,6092,1
6062,6046,3
6062,6046,2
6062,6046,2
6062,6046,1
6046,6062,0
6046,6062,0
6046,6062,1
6062,6046,1
6062,6046,1
6062,6046,1
6062,6046,1
6046,6062,0
6062,6046,2
6046,6062,0
6062,6046,1
6062,6046,1
6062,6046,1
7064,6092,2
7064,6092,0
7064,6092,1
7064,6092,0
7064,6092,1
6092,7064,1
7064,6092,1
6092,7064,1
7064,6092,2
7064,6092,2
7064,6092,1
7064,6092,2
7064,6092,1
7064,6092,1
7064,6092,1
7064,6092,2
4026,6088,3
4026,6088,3
6088,4026,2
4026,6088,0
6088,4026,1
6088,4026,3
6088,4026,2
6088,4026,3
4026,6088,3
4026,6088,2
6088,4026,2
6088,4026,3
4026,6088,1
4026,6088,2
6088,4026,2
6088,4026,1
6088,6029,2
6088,6029,2
6088,6029,1
6088,6029,1
6088,6029,2
6088,6029,1
6088,6029,3
6088,6029,2
6088,6029,3
6088,6029,3
6088,6029,2
6088,6029,2
6088,6029,3
6088,6029,1
6088,6029,1
6088,6029,1
6088,6029,2
6088,6029,1
4035,7109,3
4035,7109,0
4035,7109,3
4035,7109,1
4035,7109,2
4035,7109,3
4035,7109,1
4035,7109,3
4035,7109,3
4035,7109,3
4035,7109,3
4035,7109,3
4035,7109,3
4035,7109,3
4035,7109,2
4035,7109,1
4035,7109,1
4035,7109,2
4035,7109,0
5118,6088,2
6088,5118,2
6088,5118,1
6088,5118,1
6088,5118,1
6088,5118,1
6088,5118,2
6088,5118,1
6088,5118,3
6088,5118,3
6088,5118,3
6088,5118,1
6088,5118,0
6088,5118,1
6088,5118,2
6088,5118,1
6088,5118,2
6088,5118,0
7128,6088,0
6088,7128,2
6088,7128,1
6088,7128,2
6088,7128,2
6088,7128,1
6088,7128,2
6088,7128,2
6088,7128,3
6088,7128,3
6088,7128,2
6088,7128,1
6088,7128,3
6088,7128,1
6088,7128,1
6088,7128,2
7128,6088,0
7064,6025,3
7064,6025,2
7064,6025,1
7064,6025,0
7064,6025,2
7064,6025,0
7064,6025,2
7064,6025,2
6025,7064,1
6025,7064,1
7064,6025,3
7064,6025,1
7064,6025,2
7064,6025,2
7064,6025,2
7064,6025,1
7064,6025,1
7064,6025,3
7045,7163,1
7045,7163,2
7045,7163,1
7045,7163,0
7163,7045,3
7163,7045,1
7045,7163,1
7163,7045,1
7163,7045,1
7163,7045,2
7163,7045,2
7163,7045,1
7163,7045,2
7163,7045,1
7163,7045,2
7045,7163,0
7163,7045,2
7163,7045,1
7064,7153,3
7064,7153,1
7064,7153,2
7153,7064,1
7064,7153,0
7064,7153,1
7064,7153,0
7064,7153,2
7064,7153,1
7064,7153,1
7064,7153,1
7064,7153,2
7064,7153,1
7064,7153,0
7064,7153,1
7064,7153,1
7064,7153,1
7064,7153,0
7064,7153,2
6095,6088,0
6088,6095,2
6088,6095,1
6088,6095,1
6088,6095,1
6095,6088,0
6088,6095,3
6088,6095,1
6088,6095,3
6088,6095,3
6095,6088,1
6088,6095,1
6088,6095,3
6088,6095,1
6088,6095,1
6095,6088,1
6088,6095,2
6095,6088,1
5064,6029,3
6029,5064,0
5064,6029,2
6029,5064,1
6029,5064,0
5064,6029,2
5064,6029,2
5064,6029,1
5064,6029,2
6029,5064,1
5064,6029,2
5064,6029,2
5064,6029,1
5064,6029,2
5064,6029,1
5064,6029,2
6029,5064,0
5064,6029,2
8083,7136,2
8083,7136,2
8083,7136,2
7136,8083,0
7136,8083,0
8083,7136,1
8083,7136,1
8083,7136,1
8083,7136,1
7136,8083,1
8083,7136,1
8083,7136,2
7136,8083,0
8083,7136,1
7136,8083,0
8083,7136,1
8083,7136,1
8083,7136,1
8083,7136,1
6046,7114,2
6046,7114,0
7114,6046,2
7114,6046,1
6046,7114,1
7114,6046,2
6046,7114,0
6046,7114,0
7114,6046,1
6046,7114,1
7114,6046,1
7114,6046,3
6046,7114,0
6046,7114,0
6046,7114,1
6046,7114,0
6046,7114,1
6046,7114,0
4008,6088,2
6088,4008,2
6088,4008,1
4008,6088,0
4008,6088,1
4008,6088,0
6088,4008,1
6088,4008,3
6088,4008,1
6088,4008,3
4008,6088,2
6088,4008,1
4008,6088,2
6088,4008,3
4008,6088,1
4008,6088,1
4008,6088,1
4008,6088,0
5087,6062,2
5087,6062,2
6062,5087,1
5087,6062,3
5087,6062,3
5087,6062,2
5087,6062,1
5087,6062,3
5087,6062,3
5087,6062,3
5087,6062,3
5087,6062,1
5087,6062,2
5087,6062,3
5087,6062,2
5087,6062,3
5087,6062,1
7045,5118,0
7045,5118,1
7045,5118,0
5118,7045,1
7045,5118,0
7045,5118,0
5118,7045,2
5118,7045,1
5118,7045,1
5118,7045,2
7045,5118,0
7045,5118,0
5118,7045,3
5118,7045,1
7045,5118,0
5118,7045,1
5118,7045,1
6086,7138,2
6086,7138,3
6086,7138,2
7138,6086,0
6086,7138,2
6086,7138,2
6086,7138,1
6086,7138,1
6086,7138,3
6086,7138,1
6086,7138,3
6086,7138,1
7138,6086,0
6086,7138,1
6086,7138,2
6086,7138,1
6086,7138,1
6086,7138,2
6086,7138,2
7153,7136,3
7136,7153,2
7153,7136,2
7136,7153,1
7136,7153,0
7153,7136,1
7136,7153,0
7136,7153,0
7136,7153,1
7136,7153,1
7136,7153,1
7136,7153,2
7136,7153,0
7136,7153,0
7136,7153,2
7136,7153,0
7136,7153,0
7136,7153,0
7136,7153,0
6029,7114,2
6029,7114,3
7114,6029,2
6029,7114,0
6029,7114,0
7114,6029,1
6029,7114,0
7114,6029,2
7114,6029,1
6029,7114,1
6029,7114,2
7114,6029,2
6029,7114,0
6029,7114,0
6029,7114,1
6029,7114,1
6029,7114,0
6029,7114,1
6029,7114,1
6094,6068,2
6068,6094,3
6094,6068,2
6094,6068,1
6068,6094,1
6068,6094,1
6068,6094,2
6068,6094,1
6068,6094,1
6068,6094,1
6068,6094,1
6068,6094,1
6068,6094,1
6068,6094,1
6068,6094,2
6068,6094,2
6068,6094,1
6068,6094,1
6068,6094,2
4026,6025,3
4026,6025,2
4026,6025,2
6025,4026,1
4026,6025,1
4026,6025,0
4026,6025,1
4026,6025,2
4026,6025,2
4026,6025,1
4026,6025,2
4026,6025,3
4026,6025,1
4026,6025,0
4026,6025,0
4026,6025,2
4026,6025,0
4026,6025,2
4026,6025,0
6086,5087,2
5087,6086,3
5087,6086,3
6086,5087,1
5087,6086,3
5087,6086,1
5087,6086,2
5087,6086,3
5087,6086,3
5087,6086,2
5087,6086,3
5087,6086,2
5087,6086,1
5087,6086,3
5087,6086,3
5087,6086,0
5087,6086,1
7060,6088,1
6088,7060,2
7060,6088,1
6088,7060,1
6088,7060,1
6088,7060,2
6088,7060,3
6088,7060,3
6088,7060,3
6088,7060,3
6088,7060,1
6088,7060,1
6088,7060,2
6088,7060,0
6088,7060,3
6088,7060,1
6088,7060,2
6088,7060,1
7128,7109,2
7109,7128,2
7128,7109,2
7128,7109,1
7128,7109,0
7128,7109,0
7128,7109,0
7128,7109,1
7128,7109,1
7128,7109,1
7128,7109,2
7128,7109,1
7128,7109,1
7109,7128,1
7109,7128,1
7109,7128,1
7128,7109,1
7128,7109,0
7128,7109,0
6092,7060,0
6092,7060,0
6092,7060,2
6092,7060,1
6092,7060,0
6092,7060,0
6092,7060,0
6092,7060,1
7060,6092,1
7060,6092,1
6092,7060,2
7060,6092,1
6092,7060,0
6092,7060,0
6092,7060,1
6092,7060,0
6092,7060,1
7060,6092,1
6092,7060,0
5118,5064,2
5064,5118,2
5064,5118,2
5118,5064,1
5064,5118,0
5064,5118,1
5118,5064,1
5118,5064,2
5064,5118,3
5064,5118,3
5064,5118,1
5064,5118,1
5064,5118,1
5064,5118,1
5118,5064,2
5064,5118,1
5118,5064,1
5064,5118,1
6062,7045,2
6062,7045,2
6062,7045,1
7045,6062,0
6062,7045,1
7045,6062,0
6062,7045,1
6062,7045,1
6062,7045,1
6062,7045,1
6062,7045,1
7045,6062,0
7045,6062,0
7045,6062,0
6062,7045,1
6062,7045,1
7045,6062,0
7045,6062,0
6062,6095,2
6095,6062,2
6095,6062,2
6095,6062,1
6095,6062,0
6095,6062,0
6095,6062,1
6095,6062,1
6095,6062,1
6095,6062,1
6095,6062,3
6095,6062,1
6095,6062,1
6095,6062,1
6062,6095,1
6095,6062,1
6095,6062,1
6095,6062,0
6095,6062,1
7136,6092,2
6092,7136,2
7136,6092,1
7136,6092,1
7136,6092,0
7136,6092,1
7136,6092,0
6092,7136,1
7136,6092,1
7136,6092,1
7136,6092,1
7136,6092,1
7136,6092,0
7136,6092,0
7136,6092,0
7136,6092,0
7136,6092,1
7136,6092,1
7136,6092,0
7109,4008,2
4008,7109,2
4008,7109,2
4008,7109,1
4008,7109,1
4008,7109,0
4008,7109,1
4008,7109,2
4008,7109,2
4008,7109,2
4008,7109,2
4008,7109,2
4008,7109,1
4008,7109,1
4008,7109,1
4008,7109,3
4008,7109,1
7109,4008,1
4008,7109,1
5087,7116,3
7116,5087,2
5087,7116,3
7116,5087,1
5087,7116,3
5087,7116,2
7116,5087,1
5087,7116,3
5087,7116,3
7116,5087,2
5087,7116,2
5087,7116,1
5087,7116,0
5087,7116,1
5087,7116,3
7116,5087,1
7116,5087,1
7116,5087,2
7163,6029,2
7163,6029,2
7163,6029,2
6029,7163,1
6029,7163,0
7163,6029,1
7163,6029,1
7163,6029,1
7163,6029,1
7163,6029,2
7163,6029,3
7163,6029,3
7163,6029,1
7163,6029,1
7163,6029,1
6029,7163,0
6029,7163,1
7163,6029,2
6029,7163,0
8083,6086,3
8083,6086,3
6086,8083,2
8083,6086,1
6086,8083,3
6086,8083,0
6086,8083,0
6086,8083,2
6086,8083,2
6086,8083,2
8083,6086,1
8083,6086,1
6086,8083,0
6086,8083,2
8083,6086,1
8083,6086,1
8083,6086,1
6086,8083,1
8083,6086,2
5087,6088,2
5087,6088,2
5087,6088,1
5087,6088,3
5087,6088,2
5087,6088,1
6088,5087,3
5087,6088,3
5087,6088,2
5087,6088,3
5087,6088,2
6088,5087,1
5087,6088,3
5087,6088,1
5087,6088,2
5087,6088,1
5087,6088,1
7163,7114,3
7114,7163,1
7163,7114,3
7163,7114,1
7114,7163,0
7114,7163,0
7163,7114,1
7114,7163,1
7163,7114,2
7163,7114,2
7163,7114,2
7163,7114,3
7114,7163,0
7114,7163,0
7114,7163,0
7163,7114,1
7163,7114,1
7163,7114,1
4008,5118,2
5118,4008,1
4008,5118,2
4008,5118,1
4008,5118,1
4008,5118,1
4008,5118,1
4008,5118,1
4008,5118,2
4008,5118,2
4008,5118,2
4008,5118,2
4008,5118,1
4008,5118,1
4008,5118,2
4008,5118,2
4008,5118,2
4008,5118,0
5087,6029,2
6029,5087,1
5087,6029,3
5087,6029,2
5087,6029,3
5087,6029,2
5087,6029,1
5087,6029,3
5087,6029,3
5087,6029,3
5087,6029,2
5087,6029,3
5087,6029,1
5087,6029,3
5087,6029,3
5087,6029,3
5087,6029,1
8083,6053,2
8083,6053,2
8083,6053,1
6053,8083,0
8083,6053,1
8083,6053,1
6053,8083,1
8083,6053,2
8083,6053,1
8083,6053,2
8083,6053,2
6053,8083,0
8083,6053,1
8083,6053,2
8083,6053,2
8083,6053,1
8083,6053,2
4035,6095,3
4035,6095,3
4035,6095,1
4035,6095,2
4035,6095,1
4035,6095,2
4035,6095,3
6095,4035,2
4035,6095,3
6095,4035,3
4035,6095,3
4035,6095,3
4035,6095,1
4035,6095,3
6095,4035,1
4035,6095,1
6095,4035,2
7114,6062,2
7114,6062,2
7114,6062,2
6062,7114,0
6062,7114,0
6062,7114,0
6062,7114,0
7114,6062,1
6062,7114,2
7114,6062,2
7114,6062,2
7114,6062,1
6062,7114,0
6062,7114,0
6062,7114,1
6062,7114,1
7114,6062,1
6062,7114,1
4035,6068,3
4035,6068,2
4035,6068,3
4035,6068,2
4035,6068,1
4035,6068,1
4035,6068,2
4035,6068,3
6068,4035,1
4035,6068,3
4035,6068,3
4035,6068,3
4035,6068,3
4035,6068,1
4035,6068,3
6068,4035,2
6068,4035,1
6068,4035,1
4026,6053,3
6053,4026,2
4026,6053,3
6053,4026,1
4026,6053,1
4026,6053,1
4026,6053,0
4026,6053,2
6053,4026,2
4026,6053,2
4026,6053,2
4026,6053,3
4026,6053,0
4026,6053,1
4026,6053,2
6053,4026,1
4026,6053,2
6053,4026,1
7153,4026,2
7153,4026,2
4026,7153,3
7153,4026,1
4026,7153,2
4026,7153,1
4026,7153,1
4026,7153,2
4026,7153,2
4026,7153,2
4026,7153,3
4026,7153,3
4026,7153,1
4026,7153,1
4026,7153,0
4026,7153,2
7153,4026,1
4026,7153,0
7153,4026,1
7109,6096,2
7109,6096,2
6096,7109,2
6096,7109,0
6096,7109,0
6096,7109,0
6096,7109,0
6096,7109,1
7109,6096,2
6096,7109,1
7109,6096,2
7109,6096,1
6096,7109,0
6096,7109,0
6096,7109,0
6096,7109,0
7109,6096,1
7109,6096,1
6096,7109,0
8083,7109,0
8083,7109,2
7109,8083,2
8083,7109,1
8083,7109,1
8083,7109,1
8083,7109,0
8083,7109,1
8083,7109,2
8083,7109,1
7109,8083,1
8083,7109,2
8083,7109,1
8083,7109,1
8083,7109,1
8083,7109,1
8083,7109,2
8083,7109,2
8083,7109,2
6092,6086,2
6086,6092,2
6092,6086,2
6092,6086,1
6086,6092,2
6086,6092,1
6092,6086,1
6086,6092,2
6086,6092,2
6086,6092,2
6092,6086,1
6086,6092,2
6092,6086,1
6086,6092,1
6086,6092,0
6086,6092,2
6086,6092,1
6086,6092,2
6086,6092,0
6088,6025,2
6088,6025,2
6088,6025,1
6088,6025,2
6088,6025,2
6088,6025,3
6088,6025,3
6088,6025,3
6088,6025,3
6088,6025,2
6088,6025,1
6088,6025,3
6088,6025,1
6088,6025,1
6088,6025,3
6088,6025,2
6088,6025,2
6088,6025,2
7060,6025,2
7060,6025,2
6025,7060,2
7060,6025,1
6025,7060,1
7060,6025,1
7060,6025,1
6025,7060,1
6025,7060,1
6025,7060,1
7060,6025,1
7060,6025,1
6025,7060,0
6025,7060,0
6025,7060,0
7060,6025,1
7060,6025,1
7060,6025,1
6068,7114,0
6068,7114,2
7114,6068,2
6068,7114,1
6068,7114,1
6068,7114,1
6068,7114,2
6068,7114,2
6068,7114,1
6068,7114,2
7114,6068,2
6068,7114,1
6068,7114,1
6068,7114,1
6068,7114,2
6068,7114,2
6068,7114,2
6068,7114,2
7114,5087,1
5087,7114,3
5087,7114,3
5087,7114,1
5087,7114,3
5087,7114,2
5087,7114,2
5087,7114,3
5087,7114,3
5087,7114,3
5087,7114,3
5087,7114,2
5087,7114,2
5087,7114,2
5087,7114,2
5087,7114,3
5087,7114,2
5087,7114,3
5087,7114,2
6088,6046,2
6046,6088,1
6088,6046,2
6088,6046,2
6088,6046,1
6088,6046,2
6088,6046,3
6088,6046,3
6088,6046,3
6088,6046,3
6088,6046,2
6088,6046,1
6088,6046,2
6046,6088,0
6088,6046,3
6088,6046,1
6088,6046,1
4008,4035,2
4008,4035,3
4035,4008,2
4035,4008,2
4035,4008,1
4035,4008,1
4035,4008,2
4035,4008,2
4035,4008,3
4035,4008,1
4035,4008,3
4035,4008,3
4035,4008,3
4035,4008,2
4035,4008,1
4035,4008,3
4035,4008,1
4035,4008,2
4008,4035,1
7163,6068,3
6068,7163,2
6068,7163,1
7163,6068,3
7163,6068,1
6068,7163,0
6068,7163,1
7163,6068,1
7163,6068,2
6068,7163,1
7163,6068,1
7163,6068,2
7163,6068,1
6068,7163,0
6068,7163,1
7163,6068,2
6068,7163,1
6068,7163,0
6068,7163,0
5064,7128,1
5064,7128,2
5064,7128,1
7128,5064,2
5064,7128,1
5064,7128,1
5064,7128,3
5064,7128,1
5064,7128,2
7128,5064,1
7128,5064,1
5064,7128,1
5064,7128,1
5064,7128,2
5064,7128,2
5064,7128,2
7128,5064,1
5064,7128,2
4008,7128,2
4008,7128,3
4008,7128,1
7128,4008,2
4008,7128,1
4008,7128,1
4008,7128,2
4008,7128,3
4008,7128,1
7128,4008,2
4008,7128,2
4008,7128,3
4008,7128,1
4008,7128,1
4008,7128,1
4008,7128,3
4008,7128,1
4008,7128,2
4008,7128,2
4026,5064,2
4026,5064,3
5064,4026,0
4026,5064,3
4026,5064,1
5064,4026,1
4026,5064,1
4026,5064,3
5064,4026,2
4026,5064,2
4026,5064,3
5064,4026,2
5064,4026,1
5064,4026,2
4026,5064,3
5064,4026,1
4026,5064,2
5064,4026,1
6094,6096,1
6096,6094,2
6096,6094,0
6094,6096,2
6096,6094,1
6096,6094,1
6096,6094,1
6096,6094,2
6096,6094,1
6096,6094,1
6096,6094,2
6096,6094,1
6096,6094,0
6096,6094,1
6096,6094,1
6094,6096,2
6096,6094,1
6096,6094,1
6096,6094,0
6062,7109,2
7109,6062,2
7109,6062,0
6062,7109,2
6062,7109,1
7109,6062,0
7109,6062,0
7109,6062,1
6062,7109,1
6062,7109,1
6062,7109,1
6062,7109,1
7109,6062,0
7109,6062,0
7109,6062,0
6062,7109,1
6062,7109,1
7109,6062,1
6062,7109,1
6062,7064,2
6062,7064,2
7064,6062,3
7064,6062,0
6062,7064,1
7064,6062,0
7064,6062,2
7064,6062,2
6062,7064,1
7064,6062,2
7064,6062,1
7064,6062,1
7064,6062,1
7064,6062,2
6062,7064,2
7064,6062,1
7064,6062,1
7064,6062,2
8083,6025,2
6025,8083,2
8083,6025,3
6025,8083,1
8083,6025,1
6025,8083,0
8083,6025,1
8083,6025,2
8083,6025,2
8083,6025,3
8083,6025,2
8083,6025,1
8083,6025,1
8083,6025,1
8083,6025,2
8083,6025,2
8083,6025,2
8083,6025,2
7114,6094,2
6094,7114,2
6094,7114,2
6094,7114,0
7114,6094,1
6094,7114,0
7114,6094,1
6094,7114,1
7114,6094,1
6094,7114,1
7114,6094,2
6094,7114,0
6094,7114,0
6094,7114,0
6094,7114,0
6094,7114,0
6094,7114,1
6094,7114,0
7045,6068,0
6068,7045,2
7045,6068,0
7045,6068,1
6068,7045,1
6068,7045,2
6068,7045,2
6068,7045,2
6068,7045,2
6068,7045,2
6068,7045,1
6068,7045,1
6068,7045,1
6068,7045,2
6068,7045,1
6068,7045,2
6068,7045,2
8083,6062,3
8083,6062,2
6062,8083,0
8083,6062,1
8083,6062,1
8083,6062,1
8083,6062,1
6062,8083,1
8083,6062,2
8083,6062,2
8083,6062,1
8083,6062,1
8083,6062,2
8083,6062,1
8083,6062,2
8083,6062,2
8083,6062,1
5064,7064,1
5064,7064,3
7064,5064,0
5064,7064,1
7064,5064,0
7064,5064,2
5064,7064,1
5064,7064,2
7064,5064,1
7064,5064,0
7064,5064,0
7064,5064,0
7064,5064,0
7064,5064,1
7064,5064,0
7064,5064,0
6095,5087,2
5087,6095,3
5087,6095,2
5087,6095,3
5087,6095,1
5087,6095,1
5087,6095,2
5087,6095,2
5087,6095,3
5087,6095,3
5087,6095,3
5087,6095,1
5087,6095,0
5087,6095,2
5087,6095,3
5087,6095,1
5087,6095,3
6095,5087,1
7116,6029,2
7116,6029,2
7116,6029,3
7116,6029,1
7116,6029,2
7116,6029,2
7116,6029,3
7116,6029,3
7116,6029,1
7116,6029,3
7116,6029,3
7116,6029,2
7116,6029,3
7116,6029,3
7116,6029,3
7116,6029,3
7116,6029,3
7116,6029,3
6092,6029,2
6029,6092,2
6092,6029,2
6029,6092,0
6092,6029,1
6029,6092,0
6092,6029,1
6092,6029,1
6029,6092,1
6092,6029,1
6029,6092,1
6092,6029,1
6029,6092,0
6029,6092,0
6092,6029,1
6029,6092,0
6029,6092,0
6029,6092,0
6029,6092,0
6086,4026,2
4026,6086,3
4026,6086,3
4026,6086,1
6086,4026,0
6086,4026,1
4026,6086,2
4026,6086,1
4026,6086,2
6086,4026,2
6086,4026,3
4026,6086,3
4026,6086,1
4026,6086,1
6086,4026,1
4026,6086,3
6086,4026,2
6086,4026,2
6086,4026,1
7163,6046,2
6046,7163,2
7163,6046,3
6046,7163,0
7163,6046,1
7163,6046,1
7163,6046,3
7163,6046,1
7163,6046,3
7163,6046,2
7163,6046,1
7163,6046,2
7163,6046,1
7163,6046,1
6046,7163,0
7163,6046,2
7163,6046,1
6046,7163,0
7045,6025,1
7045,6025,0
6025,7045,1
6025,7045,1
7045,6025,2
7045,6025,0
6025,7045,1
6025,7045,1
6025,7045,1
6025,7045,1
7045,6025,0
6025,7045,1
7045,6025,1
6025,7045,1
7045,6025,0
7045,6025,1
7045,6025,0
6088,6062,2
6088,6062,2
6088,6062,1
6088,6062,1
6088,6062,2
6088,6062,2
6088,6062,3
6088,6062,3
6088,6062,3
6088,6062,2
6088,6062,2
6088,6062,1
6088,6062,1
6088,6062,2
6062,6088,1
6088,6062,1
6062,6088,0
6088,7064,1
6088,7064,3
7064,6088,0
6088,7064,2
7064,6088,0
6088,7064,3
6088,7064,1
6088,7064,3
6088,7064,3
7064,6088,2
6088,7064,2
6088,7064,1
7064,6088,1
7064,6088,1
6088,7064,2
7064,6088,2
6088,7064,2
7064,6088,1
7136,4035,0
7136,4035,2
4035,7136,3
4035,7136,2
7136,4035,2
4035,7136,1
4035,7136,3
4035,7136,3
4035,7136,3
4035,7136,3
4035,7136,1
4035,7136,3
4035,7136,3
4035,7136,2
4035,7136,2
4035,7136,3
7136,4035,1
4035,7136,1
7136,4035,0
7116,7045,3
7116,7045,1
7116,7045,2
7116,7045,1
7116,7045,3
7116,7045,2
7116,7045,2
7116,7045,1
7116,7045,3
7116,7045,3
7116,7045,3
7116,7045,2
7116,7045,3
7116,7045,3
7116,7045,3
7116,7045,2
7116,7045,3
7153,6029,2
7153,6029,2
6029,7153,0
7153,6029,1
6029,7153,0
7153,6029,1
6029,7153,0
7153,6029,1
6029,7153,1
6029,7153,1
7153,6029,1
7153,6029,1
6029,7153,0
6029,7153,0
7153,6029,2
6029,7153,0
7153,6029,1
6068,7153,0
6068,7153,3
6068,7153,0
6068,7153,1
6068,7153,0
6068,7153,2
6068,7153,1
7153,6068,1
6068,7153,1
6068,7153,1
6068,7153,1
6068,7153,1
6068,7153,1
6068,7153,0
6068,7153,2
6068,7153,3
6068,7153,1
7128,7138,2
7138,7128,2
7138,7128,0
7128,7138,1
7138,7128,0
7128,7138,3
7138,7128,0
7138,7128,1
7128,7138,2
7128,7138,1
7128,7138,1
7138,7128,0
7138,7128,0
7138,7128,0
7128,7138,1
7138,7128,1
7128,7138,1
7116,7114,2
7116,7114,3
7116,7114,2
7116,7114,1
7116,7114,1
7116,7114,1
7116,7114,2
7116,7114,1
7116,7114,1
7116,7114,3
7116,7114,1
7116,7114,2
7116,7114,2
7116,7114,2
7116,7114,3
7116,7114,3
7116,7114,3
7116,7114,3
6029,4008,1
4008,6029,3
4008,6029,2
4008,6029,2
6029,4008,0
4008,6029,1
4008,6029,2
4008,6029,2
4008,6029,2
4008,6029,2
4008,6029,2
4008,6029,3
4008,6029,1
4008,6029,1
6029,4008,0
6029,4008,0
4008,6029,2
4008,6029,2
6086,7128,1
6086,7128,2
7128,6086,2
6086,7128,2
7128,6086,1
6086,7128,2
6086,7128,2
7128,6086,1
6086,7128,2
7128,6086,2
6086,7128,3
6086,7128,1
6086,7128,1
6086,7128,0
6086,7128,0
6086,7128,3
6086,7128,2
6086,7128,1
6094,6062,1
6062,6094,2
6062,6094,2
6062,6094,0
6062,6094,1
6062,6094,1
6062,6094,3
6062,6094,0
6062,6094,1
6062,6094,2
6062,6094,1
6062,6094,1
6062,6094,1
6062,6094,0
6062,6094,0
6094,6062,2
6062,6094,1
6062,6094,1
7116,7138,3
7116,7138,3
7116,7138,2
7116,7138,2
7116,7138,2
7116,7138,1
7116,7138,3
7116,7138,2
7138,7116,1
7116,7138,3
7116,7138,1
7116,7138,3
7116,7138,1
7116,7138,2
7116,7138,2
7116,7138,3
7116,7138,3
7116,7138,3
4035,5118,3
4035,5118,3
4035,5118,2
5118,4035,1
4035,5118,1
4035,5118,3
4035,5118,3
4035,5118,3
4035,5118,2
4035,5118,3
4035,5118,2
4035,5118,3
4035,5118,0
4035,5118,2
4035,5118,3
4035,5118,0
7116,5118,2
7116,5118,0
7116,5118,2
7116,5118,1
7116,5118,1
7116,5118,1
7116,5118,3
7116,5118,1
7116,5118,1
7116,5118,3
7116,5118,2
7116,5118,2
7116,5118,2
7116,5118,1
7116,5118,3
7116,5118,3
7116,5118,3
7153,6046,2
7153,6046,2
6046,7153,2
6046,7153,0
6046,7153,0
6046,7153,0
7153,6046,1
6046,7153,0
7153,6046,1
7153,6046,1
7153,6046,1
6046,7153,0
6046,7153,0
6046,7153,0
6046,7153,0
7153,6046,1
5118,6096,2
5118,6096,2
6096,5118,2
6096,5118,0
5118,6096,1
6096,5118,0
6096,5118,2
6096,5118,0
6096,5118,1
5118,6096,2
5118,6096,1
6096,5118,1
6096,5118,1
6096,5118,0
5118,6096,1
5118,6096,2
5118,6096,1
7064,4026,3
7064,4026,1
4026,7064,3
4026,7064,1
4026,7064,1
4026,7064,1
7064,4026,2
7064,4026,1
4026,7064,3
7064,4026,3
4026,7064,3
7064,4026,1
7064,4026,1
7064,4026,2
4026,7064,1
4026,7064,3
7064,4026,3
6086,6062,2
6062,6086,1
6062,6086,2
6086,6062,1
6086,6062,1
6086,6062,1
6086,6062,1
6086,6062,0
6086,6062,2
6062,6086,1
6086,6062,1
6086,6062,1
6086,6062,0
6086,6062,0
6086,6062,2
6086,6062,2
6086,6062,0
8083,7138,2
8083,7138,2
7138,8083,2
7138,8083,0
8083,7138,1
7138,8083,0
8083,7138,3
8083,7138,1
7138,8083,2
8083,7138,2
8083,7138,2
8083,7138,1
8083,7138,1
8083,7138,1
8083,7138,1
8083,7138,2
8083,7138,3
4008,6025,3
4008,6025,3
4008,6025,2
6025,4008,0
4008,6025,2
4008,6025,1
4008,6025,1
4008,6025,1
4008,6025,1
4008,6025,3
4008,6025,3
4008,6025,1
4008,6025,1
4008,6025,1
4008,6025,1
4008,6025,2
4008,6025,2
7116,7163,2
7116,7163,3
7163,7116,2
7116,7163,2
7116,7163,1
7163,7116,2
7116,7163,0
7116,7163,3
7116,7163,1
7163,7116,2
7116,7163,3
7163,7116,2
7116,7163,2
7116,7163,1
7116,7163,2
7116,7163,3
7116,7163,2
7116,7163,2
7136,7163,0
7163,7136,3
7163,7136,2
7136,7163,1
7136,7163,1
7163,7136,2
7163,7136,1
7163,7136,2
7163,7136,1
7163,7136,2
7136,7163,2
7163,7136,3
7136,7163,0
7163,7136,1
7163,7136,1
7136,7163,0
7163,7136,2
7136,7163,0
7136,7163,0
7153,6053,2
6053,7153,3
6053,7153,2
6053,7153,0
7153,6053,1
7153,6053,2
6053,7153,0
6053,7153,2
6053,7153,0
6053,7153,1
6053,7153,1
7153,6053,1
6053,7153,0
6053,7153,0
6053,7153,0
6053,7153,1
6053,7153,0
6053,7153,0
6053,7153,0
7109,7114,2
7109,7114,3
7114,7109,2
7114,7109,0
7114,7109,1
7114,7109,1
7114,7109,0
7114,7109,1
7114,7109,0
7114,7109,1
7109,7114,2
7114,7109,1
7114,7109,0
7114,7109,0
7114,7109,0
7109,7114,1
7114,7109,2
7114,7109,0
7109,7114,1
7060,6094,2
7060,6094,2
6094,7060,2
6094,7060,0
6094,7060,1
7060,6094,1
6094,7060,0
7060,6094,2
6094,7060,0
7060,6094,1
7060,6094,2
7060,6094,2
6094,7060,0
7060,6094,1
7060,6094,1
6094,7060,2
7060,6094,2
7060,6094,1
6094,7060,0
4008,7045,2
4008,7045,2
4008,7045,1
7045,4008,1
4008,7045,2
4008,7045,1
4008,7045,3
4008,7045,3
4008,7045,2
4008,7045,2
4008,7045,3
4008,7045,1
4008,7045,1
7045,4008,0
7045,4008,0
4008,7045,2
4008,7045,1
4008,7045,1
4035,6062,3
4035,6062,3
4035,6062,3
4035,6062,1
4035,6062,1
4035,6062,3
4035,6062,1
4035,6062,3
4035,6062,3
4035,6062,3
4035,6062,2
4035,6062,3
4035,6062,2
4035,6062,3
4035,6062,2
6062,4035,1
4035,6062,3
4035,6062,1
6062,4035,0
6095,5064,2
5064,6095,3
6095,5064,2
6095,5064,1
6095,5064,0
6095,5064,1
6095,5064,1
5064,6095,1
6095,5064,2
5064,6095,3
5064,6095,1
5064,6095,2
5064,6095,1
5064,6095,1
5064,6095,1
6095,5064,2
6095,5064,1
6095,5064,0
6095,6046,1
6095,6046,3
6095,6046,2
6095,6046,2
6046,6095,0
6095,6046,1
6095,6046,1
6046,6095,0
6095,6046,3
6095,6046,1
6095,6046,1
6095,6046,2
6095,6046,1
6095,6046,1
6095,6046,1
6095,6046,1
6095,6046,1
6095,6046,2
6095,6046,3
6096,6092,0
6092,6096,3
6096,6092,2
6096,6092,2
6096,6092,0
6092,6096,1
6096,6092,1
6096,6092,0
6096,6092,2
6096,6092,0
6096,6092,1
6092,6096,1
6096,6092,0
6096,6092,0
6096,6092,0
6096,6092,1
6096,6092,0
6096,6092,0
6092,6096,1
7116,6046,2
7116,6046,2
7116,6046,2
7116,6046,2
7116,6046,1
7116,6046,2
7116,6046,2
7116,6046,2
7116,6046,3
7116,6046,3
7116,6046,3
7116,6046,3
7116,6046,2
7116,6046,2
7116,6046,1
7116,6046,2
7116,6046,3
7116,6046,2
7116,6046,3
6092,6046,1
6092,6046,2
6092,6046,2
6046,6092,0
6046,6092,1
6046,6092,1
6046,6092,0
6092,6046,2
6092,6046,1
6046,6092,1
6092,6046,1
6092,6046,1
6092,6046,1
6092,6046,1
6092,6046,1
6046,6092,0
6092,6046,1
6092,6046,1
6088,6086,2
6088,6086,3
6088,6086,2
6086,6088,3
6086,6088,1
6086,6088,2
6088,6086,1
6088,6086,3
6088,6086,1
6088,6086,3
6088,6086,1
6086,6088,1
6088,6086,1
6086,6088,1
6086,6088,1
6088,6086,2
6086,6088,1
6086,6088,0
7163,6094,2
6094,7163,0
7163,6094,3
7163,6094,3
6094,7163,0
7163,6094,1
7163,6094,2
7163,6094,1
7163,6094,2
7163,6094,2
7163,6094,2
7163,6094,3
7163,6094,1
7163,6094,1
7163,6094,3
7163,6094,1
7163,6094,2
7163,6094,1
7163,6094,1
8083,7128,2
8083,7128,3
8083,7128,2
7128,8083,2
7128,8083,0
8083,7128,1
7128,8083,1
7128,8083,0
8083,7128,2
8083,7128,2
7128,8083,2
8083,7128,1
8083,7128,1
7128,8083,0
8083,7128,1
8083,7128,2
8083,7128,2
8083,7128,3
8083,7128,2
6029,6094,2
6094,6029,2
6029,6094,2
6094,6029,2
6029,6094,1
6029,6094,0
6029,6094,1
6029,6094,0
6094,6029,1
6029,6094,0
6029,6094,2
6029,6094,1
6029,6094,0
6029,6094,0
6029,6094,1
6094,6029,1
6029,6094,1
6029,6094,1
6029,6094,1
6095,6068,3
6068,6095,2
6068,6095,0
6095,6068,2
6095,6068,1
6068,6095,0
6095,6068,1
6068,6095,0
6068,6095,1
6068,6095,1
6068,6095,1
6095,6068,1
6095,6068,1
6095,6068,1
6095,6068,1
6068,6095,2
6068,6095,2
6095,6068,1
6095,6068,2
7064,7045,3
7045,7064,0
7064,7045,2
7064,7045,1
7064,7045,1
7064,7045,1
7045,7064,0
7045,7064,1
7045,7064,1
7064,7045,2
7064,7045,2
7064,7045,1
7064,7045,2
7064,7045,1
7064,7045,2
7064,7045,2
7064,7045,3
7064,7045,3
7136,6096,1
7136,6096,2
6096,7136,0
6096,7136,2
7136,6096,1
6096,7136,1
7136,6096,1
6096,7136,0
7136,6096,1
6096,7136,1
6096,7136,2
7136,6096,1
6096,7136,0
6096,7136,1
6096,7136,0
7136,6096,1
6096,7136,0
7136,6096,1
7136,6096,1
7128,6096,2
7128,6096,2
6096,7128,0
6096,7128,1
6096,7128,1
6096,7128,1
6096,7128,0
6096,7128,2
6096,7128,1
7128,6096,3
7128,6096,1
6096,7128,0
6096,7128,0
6096,7128,0
6096,7128,0
6096,7128,1
6096,7128,0
6096,7128,0
6094,7109,0
7109,6094,3
6094,7109,0
6094,7109,2
7109,6094,1
7109,6094,1
7109,6094,2
6094,7109,0
7109,6094,2
7109,6094,1
7109,6094,1
7109,6094,2
7109,6094,1
7109,6094,1
7109,6094,1
6094,7109,2
7109,6094,1
7109,6094,1
7109,6094,1
4035,7114,1
4035,7114,2
4035,7114,3
4035,7114,3
7114,4035,1
4035,7114,3
4035,7114,3
4035,7114,1
4035,7114,3
4035,7114,3
4035,7114,2
4035,7114,3
4035,7114,2
4035,7114,3
4035,7114,2
4035,7114,2
4035,7114,3
4035,7114,1
4035,7114,1
6095,6094,1
6095,6094,2
6095,6094,0
6095,6094,1
6095,6094,1
6095,6094,2
6095,6094,1
6095,6094,3
6095,6094,2
6095,6094,1
6095,6094,2
6095,6094,2
6095,6094,0
6095,6094,1
6094,6095,1
6095,6094,2
6095,6094,2
6095,6094,3
6095,7136,0
7136,6095,3
6095,7136,0
7136,6095,1
6095,7136,1
6095,7136,2
6095,7136,0
6095,7136,2
6095,7136,2
7136,6095,1
6095,7136,1
6095,7136,1
6095,7136,1
6095,7136,1
7136,6095,2
6095,7136,0
6095,7136,2
6095,7136,2
4026,6068,2
6068,4026,2
6068,4026,2
4026,6068,2
4026,6068,3
4026,6068,1
6068,4026,1
6068,4026,0
4026,6068,2
4026,6068,1
6068,4026,2
4026,6068,1
4026,6068,3
6068,4026,1
6068,4026,1
6068,4026,1
4026,6068,1
6068,4026,2
6068,4026,1
7064,6029,1
7064,6029,2
7064,6029,3
6029,7064,0
7064,6029,2
6029,7064,1
7064,6029,3
7064,6029,1
7064,6029,1
7064,6029,3
7064,6029,3
7064,6029,2
7064,6029,1
7064,6029,2
7064,6029,1
7064,6029,1
6029,7064,0
7064,6029,2
7064,6029,3
7116,6025,3
6025,7116,3
7116,6025,3
7116,6025,1
7116,6025,2
7116,6025,2
7116,6025,2
7116,6025,1
6025,7116,1
7116,6025,2
7116,6025,3
7116,6025,2
7116,6025,3
7116,6025,2
7116,6025,2
7116,6025,2
7116,6025,2
7116,6025,2
7116,6025,3
6025,7153,2
7153,6025,2
7153,6025,2
6025,7153,0
7153,6025,1
6025,7153,0
6025,7153,0
7153,6025,1
7153,6025,1
7153,6025,2
7153,6025,1
7153,6025,1
6025,7153,0
6025,7153,0
6025,7153,1
6025,7153,0
7153,6025,1
7153,6025,1
5064,6092,1
5064,6092,2
5064,6092,3
5064,6092,1
5064,6092,2
5064,6092,0
5064,6092,2
5064,6092,1
5064,6092,3
5064,6092,2
5064,6092,1
5064,6092,1
5064,6092,1
5064,6092,0
5064,6092,0
5064,6092,2
5064,6092,1
5064,6092,1
6086,6025,3
6025,6086,2
6086,6025,2
6086,6025,3
6025,6086,2
6086,6025,1
6086,6025,1
6086,6025,1
6025,6086,1
6025,6086,1
6086,6025,2
6086,6025,1
6086,6025,2
6086,6025,1
6086,6025,1
6086,6025,2
6086,6025,3
6086,6025,1
6086,6025,2
4008,7136,3
4008,7136,2
4008,7136,2
4008,7136,2
4008,7136,2
4008,7136,1
4008,7136,2
4008,7136,1
4008,7136,1
4008,7136,2
4008,7136,2
4008,7136,2
4008,7136,3
7136,4008,0
7136,4008,0
7136,4008,1
4008,7136,2
7136,4008,0
4008,7136,1
6053,7136,2
6053,7136,1
7136,6053,2
7136,6053,0
6053,7136,2
7136,6053,1
6053,7136,1
7136,6053,0
7136,6053,2
6053,7136,1
7136,6053,2
7136,6053,0
6053,7136,1
6053,7136,1
7136,6053,0
7136,6053,2
7136,6053,1
7136,6053,0
7136,6053,0
7116,6062,1
7116,6062,3
7116,6062,2
7116,6062,2
7116,6062,2
7116,6062,3
7116,6062,3
7116,6062,2
6062,7116,1
7116,6062,3
7116,6062,3
7116,6062,2
7116,6062,2
7116,6062,2
7116,6062,2
7116,6062,2
7116,6062,2
7116,6062,2
7116,6062,3
4035,6086,2
6086,4035,2
6086,4035,0
4035,6086,3
4035,6086,1
4035,6086,3
4035,6086,3
4035,6086,1
4035,6086,3
4035,6086,3
4035,6086,2
6086,4035,0
4035,6086,3
4035,6086,2
4035,6086,3
6086,4035,1
6086,4035,0
4035,6086,3
6086,4035,0
6053,6088,1
6053,6088,1
6088,6053,2
6088,6053,1
6088,6053,3
6088,6053,2
6088,6053,2
6088,6053,2
6088,6053,2
6088,6053,3
6053,6088,1
6088,6053,2
6053,6088,0
6088,6053,1
6088,6053,1
6053,6088,0
6088,6053,3
6053,6088,0
7116,4035,0
4035,7116,1
4035,7116,3
4035,7116,1
4035,7116,1
4035,7116,3
7116,4035,0
4035,7116,3
4035,7116,2
7116,4035,3
4035,7116,1
4035,7116,3
7116,4035,2
4035,7116,2
7116,4035,2
7116,4035,2
4035,7116,2
7116,4035,3
8083,7060,1
8083,7060,3
8083,7060,1
7060,8083,2
8083,7060,1
8083,7060,1
8083,7060,1
8083,7060,0
8083,7060,1
8083,7060,3
8083,7060,2
8083,7060,2
8083,7060,2
8083,7060,1
8083,7060,1
8083,7060,2
8083,7060,2
8083,7060,2
8083,7060,2
7153,6096,3
6096,7153,1
6096,7153,0
6096,7153,2
7153,6096,1
6096,7153,0
6096,7153,1
6096,7153,0
6096,7153,1
6096,7153,1
6096,7153,2
6096,7153,1
7153,6096,1
6096,7153,0
6096,7153,0
6096,7153,0
7153,6096,1
6096,7153,1
6096,7153,0
6053,6086,2
6053,6086,2
6086,6053,2
6053,6086,2
6086,6053,1
6086,6053,0
6086,6053,2
6086,6053,0
6086,6053,2
6086,6053,1
6086,6053,1
6086,6053,1
6086,6053,2
6086,6053,0
6086,6053,0
6086,6053,1
6086,6053,1
6086,6053,2
6086,6053,1
5064,6053,2
5064,6053,3
5064,6053,0
5064,6053,2
6053,5064,1
5064,6053,2
6053,5064,1
5064,6053,1
5064,6053,2
5064,6053,3
5064,6053,1
6053,5064,1
5064,6053,1
5064,6053,1
5064,6053,0
5064,6053,1
5064,6053,1
5064,6053,1
4035,6092,2
4035,6092,2
4035,6092,3
4035,6092,3
4035,6092,2
4035,6092,3
4035,6092,3
4035,6092,2
4035,6092,3
4035,6092,3
4035,6092,2
4035,6092,2
4035,6092,2
4035,6092,3
4035,6092,3
4035,6092,2
4035,6092,1
4035,6092,3
6092,4035,1
6095,7163,2
6095,7163,1
6095,7163,0
7163,6095,3
7163,6095,1
7163,6095,2
6095,7163,2
7163,6095,1
6095,7163,2
7163,6095,2
6095,7163,1
6095,7163,1
7163,6095,1
7163,6095,2
7163,6095,1
7163,6095,1
6095,7163,1
7163,6095,2
6095,7163,2
7064,6086,3
6086,7064,2
7064,6086,0
6086,7064,2
7064,6086,1
7064,6086,2
6086,7064,3
7064,6086,0
6086,7064,2
7064,6086,2
7064,6086,2
7064,6086,2
7064,6086,1
6086,7064,1
7064,6086,1
6086,7064,1
7064,6086,1
7064,6086,0
7064,6086,2
7114,7045,1
7045,7114,0
7114,7045,2
7114,7045,1
7045,7114,1
7114,7045,3
7045,7114,1
7114,7045,1
7114,7045,1
7045,7114,1
7114,7045,1
7045,7114,0
7114,7045,1
7045,7114,0
7045,7114,1
7045,7114,0
7045,7114,0
7045,7114,0
6068,6025,2
6068,6025,1
6068,6025,1
6025,6068,2
6025,6068,1
6068,6025,2
6068,6025,1
6068,6025,1
6025,6068,1
6068,6025,2
6068,6025,3
6068,6025,1
6068,6025,1
6068,6025,2
6068,6025,1
6068,6025,2
6068,6025,1
6068,6025,1
6068,6025,2
6025,7138,2
6025,7138,1
6025,7138,1
7138,6025,1
7138,6025,1
7138,6025,2
7138,6025,0
7138,6025,1
6025,7138,1
6025,7138,2
6025,7138,1
7138,6025,1
6025,7138,1
7138,6025,0
6025,7138,1
7138,6025,0
7138,6025,0
7138,6025,0
5087,7138,3
7138,5087,2
5087,7138,3
5087,7138,3
5087,7138,1
5087,7138,1
5087,7138,3
5087,7138,2
5087,7138,3
5087,7138,2
5087,7138,2
5087,7138,2
5087,7138,2
5087,7138,3
5087,7138,2
5087,7138,2
5087,7138,2
5087,7138,3
5087,7138,1
5118,7138,2
5118,7138,1
7138,5118,0
7138,5118,2
5118,7138,1
5118,7138,1
7138,5118,3
7138,5118,0
7138,5118,2
5118,7138,2
5118,7138,2
7138,5118,0
5118,7138,1
5118,7138,1
7138,5118,0
5118,7138,1
7138,5118,0
5118,7138,1
5118,7138,1
4008,5064,2
5064,4008,2
4008,5064,1
5064,4008,2
4008,5064,1
5064,4008,1
4008,5064,2
4008,5064,3
5064,4008,3
5064,4008,2
5064,4008,1
5064,4008,0
4008,5064,3
5064,4008,1
5064,4008,1
4008,5064,3
5064,4008,1
4035,6025,3
4035,6025,2
4035,6025,3
4035,6025,3
4035,6025,1
4035,6025,3
4035,6025,3
4035,6025,1
4035,6025,3
4035,6025,3
4035,6025,2
4035,6025,2
4035,6025,3
4035,6025,3
4035,6025,3
4035,6025,2
4035,6025,3
6025,4035,1
7136,5064,3
5064,7136,3
5064,7136,1
5064,7136,2
5064,7136,0
5064,7136,1
5064,7136,2
7136,5064,1
5064,7136,2
5064,7136,2
5064,7136,2
5064,7136,1
5064,7136,1
5064,7136,2
5064,7136,1
5064,7136,0
5064,7136,1
6029,7060,1
6029,7060,2
6029,7060,0
7060,6029,2
6029,7060,1
7060,6029,1
7060,6029,2
6029,7060,0
6029,7060,2
6029,7060,1
6029,7060,1
6029,7060,0
6029,7060,0
6029,7060,1
7060,6029,1
6029,7060,0
6029,7060,0
6029,7060,0
5118,6092,1
6092,5118,2
5118,6092,1
6092,5118,2
6092,5118,1
6092,5118,1
6092,5118,1
5118,6092,0
5118,6092,2
5118,6092,2
6092,5118,2
5118,6092,1
5118,6092,0
5118,6092,1
5118,6092,0
5118,6092,1
5118,6092,1
5118,6092,0
7064,6053,2
7064,6053,2
7064,6053,0
6053,7064,2
7064,6053,1
7064,6053,2
6053,7064,1
7064,6053,0
6053,7064,1
7064,6053,2
6053,7064,2
7064,6053,2
7064,6053,1
7064,6053,2
7064,6053,0
7064,6053,1
7064,6053,2
7064,6053,2
7064,7136,0
7064,7136,3
7064,7136,1
7064,7136,2
7136,7064,2
7064,7136,0
7136,7064,2
7064,7136,2
7064,7136,1
7064,7136,2
7064,7136,1
7064,7136,2
7064,7136,1
7064,7136,1
7064,7136,2
7064,7136,2
4008,4026,2
4008,4026,2
4026,4008,2
4026,4008,3
4008,4026,1
4008,4026,1
4026,4008,3
4026,4008,0
4026,4008,2
4008,4026,2
4008,4026,2
4008,4026,1
4008,4026,1
4026,4008,2
4008,4026,1
4026,4008,2
4026,4008,2
4008,4026,2
7128,7153,1
7128,7153,0
7153,7128,2
7128,7153,0
7128,7153,1
7128,7153,1
7153,7128,1
7128,7153,0
7128,7153,2
7128,7153,0
7128,7153,2
7128,7153,2
7153,7128,1
7128,7153,0
7128,7153,0
7153,7128,2
7153,7128,1
4026,8083,2
4026,8083,2
8083,4026,2
4026,8083,3
4026,8083,2
8083,4026,1
4026,8083,3
4026,8083,3
4026,8083,1
4026,8083,2
8083,4026,2
8083,4026,2
4026,8083,3
4026,8083,0
8083,4026,1
8083,4026,1
4026,8083,1
8083,4026,2
7153,7116,2
7116,7153,2
7116,7153,2
7116,7153,2
7116,7153,2
7116,7153,2
7153,7116,1
7153,7116,1
7116,7153,1
7116,7153,3
7116,7153,2
7116,7153,3
7116,7153,2
7116,7153,2
7116,7153,2
7116,7153,2
7116,7153,3
7116,7153,2
7163,5064,2
5064,7163,1
5064,7163,2
7163,5064,1
5064,7163,1
5064,7163,2
7163,5064,1
7163,5064,1
7163,5064,1
5064,7163,2
7163,5064,3
5064,7163,2
7163,5064,1
5064,7163,1
5064,7163,1
5064,7163,1
7109,6046,1
6046,7109,0
7109,6046,2
6046,7109,2
7109,6046,2
7109,6046,1
7109,6046,2
7109,6046,1
6046,7109,0
7109,6046,2
7109,6046,1
7109,6046,1
7109,6046,1
7109,6046,1
6046,7109,0
6046,7109,0
6046,7109,0
6046,7109,0
6046,6053,1
6046,6053,0
6053,6046,2
6046,6053,2
6053,6046,1
6053,6046,1
6053,6046,2
6053,6046,2
6053,6046,1
6053,6046,1
6053,6046,1
6053,6046,2
6053,6046,1
6053,6046,1
6046,6053,0
6053,6046,1
6046,6053,0
6053,6046,1
7064,7114,2
7064,7114,0
7064,7114,2
7064,7114,2
7064,7114,0
7064,7114,2
7114,7064,3
7114,7064,3
7064,7114,0
7064,7114,3
7064,7114,1
7064,7114,1
7114,7064,1
7064,7114,2
7064,7114,1
7064,7114,1
7064,7114,1
7064,7114,2
5118,6094,2
6094,5118,0
5118,6094,2
6094,5118,2
5118,6094,1
5118,6094,1
5118,6094,2
5118,6094,1
5118,6094,1
6094,5118,2
6094,5118,2
6094,5118,1
5118,6094,1
5118,6094,1
5118,6094,1
6094,5118,0
5118,6094,2
5118,6094,2
6094,7128,2
7128,6094,2
7128,6094,1
6094,7128,2
7128,6094,0
7128,6094,0
7128,6094,2
6094,7128,1
7128,6094,0
7128,6094,1
6094,7128,1
7128,6094,2
7128,6094,1
7128,6094,1
7128,6094,0
7128,6094,0
7128,6094,1
7128,6094,0
7128,6094,1
6068,7060,2
6068,7060,3
6068,7060,1
7060,6068,2
7060,6068,1
6068,7060,2
6068,7060,2
6068,7060,2
6068,7060,0
6068,7060,3
6068,7060,2
6068,7060,1
6068,7060,1
6068,7060,1
6068,7060,1
6068,7060,0
6068,7060,1
6068,7060,1
6068,7060,1
7114,7153,0
7153,7114,2
7114,7153,0
7114,7153,1
7114,7153,0
7114,7153,2
7114,7153,2
7114,7153,1
7114,7153,2
7153,7114,2
7153,7114,1
7114,7153,1
7153,7114,1
7114,7153,0
7114,7153,1
7114,7153,0
7153,7114,2
7153,7114,1
7136,7060,1
7060,7136,2
7136,7060,2
7136,7060,2
7136,7060,0
7060,7136,1
7136,7060,1
7136,7060,1
7136,7060,1
7136,7060,3
7136,7060,2
7060,7136,2
7060,7136,1
7136,7060,1
7136,7060,0
7060,7136,1
7060,7136,1
7136,7060,2
7136,7060,0
6095,7109,1
7109,6095,2
6095,7109,0
6095,7109,2
6095,7109,0
6095,7109,0
6095,7109,2
6095,7109,2
6095,7109,0
6095,7109,2
6095,7109,0
7109,6095,2
6095,7109,1
6095,7109,2
6095,7109,1
6095,7109,0
6095,7109,1
6095,7109,2
6095,7109,2
7136,7128,1
7136,7128,2
7136,7128,1
7128,7136,1
7128,7136,1
7128,7136,2
7128,7136,2
7128,7136,1
7136,7128,2
7136,7128,2
7128,7136,1
7136,7128,1
7136,7128,1
7136,7128,0
7128,7136,1
7136,7128,1
7136,7128,0
6095,6092,2
6095,6092,2
6095,6092,0
6095,6092,2
6095,6092,2
6092,6095,1
6095,6092,3
6095,6092,2
6095,6092,0
6095,6092,2
6095,6092,1
6095,6092,1
6095,6092,1
6095,6092,2
6095,6092,0
6095,6092,0
6095,6092,1
6095,6092,2
6095,6092,2
8083,7153,3
8083,7153,2
8083,7153,0
8083,7153,2
7153,8083,1
8083,7153,1
7153,8083,2
8083,7153,1
8083,7153,0
8083,7153,2
8083,7153,2
8083,7153,2
8083,7153,1
8083,7153,2
8083,7153,1
8083,7153,1
8083,7153,2
8083,7153,2
8083,7153,1
